1 13
1.01 13
1.02 13
1.03 13
1.04 13
1.05 13
1.0600000000000001 13
1.0700000000000001 13
1.0800000000000001 13
1.0900000000000001 13
1.1000000000000001 13
1.1100000000000001 13
1.1200000000000001 13
1.1300000000000001 13
1.1400000000000001 13
1.1500000000000001 13
1.1600000000000001 13
1.1700000000000002 13
1.1800000000000002 13
1.1900000000000002 13
1.2000000000000002 13
1.2100000000000002 13
1.2200000000000002 13
1.2300000000000002 13
1.2400000000000002 13
1.2500000000000002 13
1.2600000000000002 13
1.2700000000000002 13
1.2800000000000002 13
1.2900000000000003 13
1.3000000000000003 13
1.3100000000000003 13
1.3200000000000003 13
1.3300000000000003 13
1.3400000000000003 13
1.3500000000000003 13
1.3600000000000003 13
1.3700000000000003 13
1.3800000000000003 13
1.3900000000000003 13
1.4000000000000004 13
1.4100000000000004 13
1.4200000000000004 13
1.4300000000000004 13
1.4400000000000004 13
1.4500000000000004 13
1.4600000000000004 13
1.4700000000000004 13
1.4800000000000004 13
1.4900000000000004 13
1.5000000000000004 13
1.5100000000000005 13
1.5200000000000005 13
1.5300000000000005 13
1.5400000000000005 13
1.5500000000000005 13
1.5600000000000005 13
1.5700000000000005 13
1.5800000000000005 13
1.5900000000000005 13
1.6000000000000005 13
1.6100000000000005 13
1.6200000000000006 13
1.6300000000000006 13
1.6400000000000006 13
1.6500000000000006 13
1.6600000000000006 13
1.6700000000000006 13
1.6800000000000006 13
1.6900000000000006 13
1.7000000000000006 13
1.7100000000000006 13
1.7200000000000006 13
1.7300000000000006 13
1.7400000000000007 13
1.7500000000000007 13
1.7600000000000007 13
1.7700000000000007 13
1.7800000000000007 13
1.7900000000000007 13
1.8000000000000007 13
1.8100000000000007 13
1.8200000000000007 13
1.8300000000000007 13
1.8400000000000007 13
1.8500000000000008 13
1.8600000000000008 13
1.8700000000000008 13
1.8800000000000008 13
1.8900000000000008 13
1.9000000000000008 13
1.9100000000000008 13
1.9200000000000008 13
1.9300000000000008 13
1.9400000000000008 11
1.9500000000000008 11
1.9600000000000009 11
1.9700000000000009 11
1.9800000000000009 11
1.9900000000000009 11
2.0000000000000009 11
2.0100000000000007 11
2.0200000000000005 11
2.0300000000000002 11
2.04 11
2.0499999999999998 12
2.0599999999999996 12
2.0699999999999994 12
2.0799999999999992 12
2.089999999999999 12
2.0999999999999988 12
2.1099999999999985 12
2.1199999999999983 12
2.1299999999999981 12
2.1399999999999979 12
2.1499999999999977 12
2.1599999999999975 12
2.1699999999999973 12
2.1799999999999971 12
2.1899999999999968 12
2.1999999999999966 12
2.2099999999999964 12
2.2199999999999962 12
2.229999999999996 12
2.2399999999999958 12
2.2499999999999956 12
2.2599999999999953 12
2.2699999999999951 12
2.2799999999999949 12
2.2899999999999947 12
2.2999999999999945 12
2.3099999999999943 12
2.3199999999999941 12
2.3299999999999939 12
2.3399999999999936 12
2.3499999999999934 12
2.3599999999999932 12
2.369999999999993 12
2.3799999999999928 12
2.3899999999999926 12
2.3999999999999924 11
2.4099999999999921 11
2.4199999999999919 11
2.4299999999999917 11
2.4399999999999915 11
2.4499999999999913 11
2.4599999999999911 11
2.4699999999999909 11
2.4799999999999907 11
2.4899999999999904 11
2.4999999999999902 11
2.50999999999999 11
2.5199999999999898 12
2.5299999999999896 12
2.5399999999999894 12
2.5499999999999892 12
2.559999999999989 12
2.5699999999999887 12
2.5799999999999885 12
2.5899999999999883 12
2.5999999999999881 12
2.6099999999999879 12
2.6199999999999877 12
2.6299999999999875 12
2.6399999999999872 12
2.649999999999987 12
2.6599999999999868 12
2.6699999999999866 12
2.6799999999999864 12
2.6899999999999862 12
2.699999999999986 12
2.7099999999999858 12
2.7199999999999855 12
2.7299999999999853 12
2.7399999999999851 12
2.7499999999999849 12
2.7599999999999847 12
2.7699999999999845 12
2.7799999999999843 12
2.789999999999984 12
2.7999999999999838 12
2.8099999999999836 12
2.8199999999999834 12
2.8299999999999832 12
2.839999999999983 12
2.8499999999999828 12
2.8599999999999826 12
2.8699999999999823 12
2.8799999999999821 12
2.8899999999999819 12
2.8999999999999817 12
2.9099999999999815 12
2.9199999999999813 12
2.9299999999999811 12
2.9399999999999809 12
2.9499999999999806 12
2.9599999999999804 12
2.9699999999999802 12
2.97999999999998 12
2.9899999999999798 12
2.9999999999999796 12
3.0099999999999794 12
3.0199999999999791 14
3.0299999999999789 14
3.0399999999999787 14
3.0499999999999785 14
3.0599999999999783 14
3.0699999999999781 14
3.0799999999999779 14
3.0899999999999777 14
3.0999999999999774 14
3.1099999999999772 14
3.119999999999977 14
3.1299999999999768 14
3.1399999999999766 14
3.1499999999999764 14
3.1599999999999762 14
3.1699999999999759 14
3.1799999999999757 14
3.1899999999999755 14
3.1999999999999753 14
3.2099999999999751 14
3.2199999999999749 14
3.2299999999999747 14
3.2399999999999745 14
3.2499999999999742 14
3.259999999999974 14
3.2699999999999738 14
3.2799999999999736 14
3.2899999999999734 14
3.2999999999999732 14
3.309999999999973 15
3.3199999999999728 15
3.3299999999999725 15
3.3399999999999723 15
3.3499999999999721 15
3.3599999999999719 15
3.3699999999999717 15
3.3799999999999715 15
3.3899999999999713 15
3.399999999999971 15
3.4099999999999708 15
3.4199999999999706 15
3.4299999999999704 15
3.4399999999999702 15
3.44999999999997 15
3.4599999999999698 15
3.4699999999999696 15
3.4799999999999693 15
3.4899999999999691 15
3.4999999999999689 15
3.5099999999999687 15
3.5199999999999685 15
3.5299999999999683 15
3.5399999999999681 15
3.5499999999999678 15
3.5599999999999676 15
3.5699999999999674 15
3.5799999999999672 15
3.589999999999967 15
3.5999999999999668 15
3.6099999999999666 15
3.6199999999999664 15
3.6299999999999661 15
3.6399999999999659 15
3.6499999999999657 15
3.6599999999999655 15
3.6699999999999653 15
3.6799999999999651 15
3.6899999999999649 15
3.6999999999999647 15
3.7099999999999644 15
3.7199999999999642 15
3.729999999999964 15
3.7399999999999638 15
3.7499999999999636 15
3.7599999999999634 15
3.7699999999999632 15
3.7799999999999629 15
3.7899999999999627 15
3.7999999999999625 15
3.8099999999999623 15
3.8199999999999621 15
3.8299999999999619 15
3.8399999999999617 15
3.8499999999999615 15
3.8599999999999612 15
3.869999999999961 15
3.8799999999999608 15
3.8899999999999606 15
3.8999999999999604 15
3.9099999999999602 15
3.91999999999996 15
3.9299999999999597 15
3.9399999999999595 15
3.9499999999999593 15
3.9599999999999591 15
3.9699999999999589 15
3.9799999999999587 15
3.9899999999999585 15
3.9999999999999583 15
4.009999999999958 15
4.0199999999999578 15
4.0299999999999576 15
4.0399999999999574 15
4.0499999999999572 15
4.059999999999957 15
4.0699999999999568 15
4.0799999999999566 15
4.0899999999999563 15
4.0999999999999561 15
4.1099999999999559 15
4.1199999999999557 15
4.1299999999999555 11
4.1399999999999553 11
4.1499999999999551 11
4.1599999999999548 11
4.1699999999999546 11
4.1799999999999544 11
4.1899999999999542 11
4.199999999999954 11
4.2099999999999538 11
4.2199999999999536 11
4.2299999999999534 11
4.2399999999999531 11
4.2499999999999529 12
4.2599999999999527 12
4.2699999999999525 12
4.2799999999999523 12
4.2899999999999521 12
4.2999999999999519 12
4.3099999999999516 12
4.3199999999999514 12
4.3299999999999512 12
4.339999999999951 12
4.3499999999999508 12
4.3599999999999506 11
4.3699999999999504 11
4.3799999999999502 11
4.3899999999999499 11
4.3999999999999497 11
4.4099999999999495 11
4.4199999999999493 11
4.4299999999999491 11
4.4399999999999489 11
4.4499999999999487 11
4.4599999999999485 11
4.4699999999999482 11
4.479999999999948 12
4.4899999999999478 12
4.4999999999999476 12
4.5099999999999474 12
4.5199999999999472 12
4.529999999999947 12
4.5399999999999467 12
4.5499999999999465 12
4.5599999999999463 12
4.5699999999999461 12
4.5799999999999459 12
4.5899999999999457 12
4.5999999999999455 12
4.6099999999999453 12
4.619999999999945 12
4.6299999999999448 12
4.6399999999999446 12
4.6499999999999444 12
4.6599999999999442 12
4.669999999999944 12
4.6799999999999438 12
4.6899999999999435 12
4.6999999999999433 12
4.7099999999999431 11
4.7199999999999429 11
4.7299999999999427 11
4.7399999999999425 11
4.7499999999999423 11
4.7599999999999421 11
4.7699999999999418 11
4.7799999999999416 11
4.7899999999999414 11
4.7999999999999412 11
4.809999999999941 11
4.8199999999999408 11
4.8299999999999406 12
4.8399999999999403 12
4.8499999999999401 12
4.8599999999999399 12
4.8699999999999397 12
4.8799999999999395 12
4.8899999999999393 12
4.8999999999999391 12
4.9099999999999389 12
4.9199999999999386 12
4.9299999999999384 12
4.9399999999999382 12
4.949999999999938 11
4.9599999999999378 11
4.9699999999999376 11
4.9799999999999374 11
4.9899999999999372 11
4.9999999999999369 11
5.0099999999999367 11
5.0199999999999365 11
5.0299999999999363 11
5.0399999999999361 11
5.0499999999999359 11
5.0599999999999357 12
5.0699999999999354 12
5.0799999999999352 12
5.089999999999935 12
5.0999999999999348 12
5.1099999999999346 12
5.1199999999999344 12
5.1299999999999342 12
5.139999999999934 12
5.1499999999999337 12
5.1599999999999335 12
5.1699999999999333 12
5.1799999999999331 12
5.1899999999999329 12
5.1999999999999327 12
5.2099999999999325 12
5.2199999999999322 12
5.229999999999932 12
5.2399999999999318 12
5.2499999999999316 12
5.2599999999999314 12
5.2699999999999312 12
5.279999999999931 12
5.2899999999999308 12
5.2999999999999305 12
5.3099999999999303 12
5.3199999999999301 12
5.3299999999999299 12
5.3399999999999297 12
5.3499999999999295 12
5.3599999999999293 12
5.3699999999999291 12
5.3799999999999288 12
5.3899999999999286 12
5.3999999999999284 12
5.4099999999999282 12
5.419999999999928 12
5.4299999999999278 12
5.4399999999999276 12
5.4499999999999273 12
5.4599999999999271 12
5.4699999999999269 12
5.4799999999999267 12
5.4899999999999265 12
5.4999999999999263 12
5.5099999999999261 12
5.5199999999999259 12
5.5299999999999256 12
5.5399999999999254 12
5.5499999999999252 13
5.559999999999925 13
5.5699999999999248 13
5.5799999999999246 13
5.5899999999999244 13
5.5999999999999241 13
5.6099999999999239 13
5.6199999999999237 13
5.6299999999999235 13
5.6399999999999233 13
5.6499999999999231 13
5.6599999999999229 13
5.6699999999999227 13
5.6799999999999224 13
5.6899999999999222 14
5.699999999999922 14
5.7099999999999218 14
5.7199999999999216 14
5.7299999999999214 14
5.7399999999999212 14
5.749999999999921 14
5.7599999999999207 14
5.7699999999999205 14
5.7799999999999203 14
5.7899999999999201 14
5.7999999999999199 14
5.8099999999999197 14
5.8199999999999195 14
5.8299999999999192 14
5.839999999999919 14
5.8499999999999188 14
5.8599999999999186 14
5.8699999999999184 14
5.8799999999999182 14
5.889999999999918 14
5.8999999999999178 14
5.9099999999999175 14
5.9199999999999173 14
5.9299999999999171 14
5.9399999999999169 14
5.9499999999999167 14
5.9599999999999165 14
5.9699999999999163 14
5.979999999999916 14
5.9899999999999158 15
5.9999999999999156 15
6.0099999999999154 15
6.0199999999999152 15
6.029999999999915 15
6.0399999999999148 15
6.0499999999999146 15
6.0599999999999143 15
6.0699999999999141 15
6.0799999999999139 15
6.0899999999999137 15
6.0999999999999135 15
6.1099999999999133 15
6.1199999999999131 15
6.1299999999999129 15
6.1399999999999126 15
6.1499999999999124 15
6.1599999999999122 15
6.169999999999912 15
6.1799999999999118 15
6.1899999999999116 15
6.1999999999999114 15
6.2099999999999111 15
6.2199999999999109 15
6.2299999999999107 15
6.2399999999999105 15
6.2499999999999103 15
6.2599999999999101 15
6.2699999999999099 15
6.2799999999999097 15
6.2899999999999094 15
6.2999999999999092 15
6.309999999999909 15
6.3199999999999088 15
6.3299999999999086 15
6.3399999999999084 15
6.3499999999999082 15
6.3599999999999079 15
6.3699999999999077 15
6.3799999999999075 15
6.3899999999999073 15
6.3999999999999071 15
6.4099999999999069 15
6.4199999999999067 15
6.4299999999999065 15
6.4399999999999062 15
6.449999999999906 15
6.4599999999999058 15
6.4699999999999056 15
6.4799999999999054 15
6.4899999999999052 15
6.499999999999905 15
6.5099999999999048 15
6.5199999999999045 15
6.5299999999999043 15
6.5399999999999041 15
6.5499999999999039 15
6.5599999999999037 15
6.5699999999999035 15
6.5799999999999033 15
6.589999999999903 15
6.5999999999999028 15
6.6099999999999026 15
6.6199999999999024 15
6.6299999999999022 15
6.639999999999902 15
6.6499999999999018 15
6.6599999999999016 15
6.6699999999999013 15
6.6799999999999011 15
6.6899999999999009 15
6.6999999999999007 15
6.7099999999999005 15
6.7199999999999003 15
6.7299999999999001 15
6.7399999999998998 15
6.7499999999998996 15
6.7599999999998994 15
6.7699999999998992 15
6.779999999999899 15
6.7899999999998988 15
6.7999999999998986 15
6.8099999999998984 15
6.8199999999998981 15
6.8299999999998979 15
6.8399999999998977 15
6.8499999999998975 15
6.8599999999998973 15
6.8699999999998971 15
6.8799999999998969 15
6.8899999999998967 15
6.8999999999998964 15
6.9099999999998962 15
6.919999999999896 15
6.9299999999998958 15
6.9399999999998956 12
6.9499999999998954 12
6.9599999999998952 12
6.9699999999998949 12
6.9799999999998947 12
6.9899999999998945 12
6.9999999999998943 12
7.0099999999998941 12
7.0199999999998939 12
7.0299999999998937 12
7.0399999999998935 12
7.0499999999998932 12
7.059999999999893 12
7.0699999999998928 12
7.0799999999998926 12
7.0899999999998924 12
7.0999999999998922 12
7.109999999999892 12
7.1199999999998917 12
7.1299999999998915 12
7.1399999999998913 12
7.1499999999998911 12
7.1599999999998909 12
7.1699999999998907 12
7.1799999999998905 12
7.1899999999998903 12
7.19999999999989 12
7.2099999999998898 12
7.2199999999998896 12
7.2299999999998894 12
7.2399999999998892 12
7.249999999999889 12
7.2599999999998888 12
7.2699999999998886 12
7.2799999999998883 12
7.2899999999998881 12
7.2999999999998879 12
7.3099999999998877 12
7.3199999999998875 12
7.3299999999998873 12
7.3399999999998871 12
7.3499999999998868 12
7.3599999999998866 12
7.3699999999998864 12
7.3799999999998862 12
7.389999999999886 12
7.3999999999998858 12
7.4099999999998856 12
7.4199999999998854 12
7.4299999999998851 12
7.4399999999998849 12
7.4499999999998847 12
7.4599999999998845 12
7.4699999999998843 12
7.4799999999998841 12
7.4899999999998839 12
7.4999999999998836 12
7.5099999999998834 12
7.5199999999998832 12
7.529999999999883 12
7.5399999999998828 12
7.5499999999998826 12
7.5599999999998824 12
7.5699999999998822 12
7.5799999999998819 12
7.5899999999998817 12
7.5999999999998815 12
7.6099999999998813 12
7.6199999999998811 12
7.6299999999998809 12
7.6399999999998807 12
7.6499999999998805 12
7.6599999999998802 12
7.66999999999988 13
7.6799999999998798 13
7.6899999999998796 13
7.6999999999998794 13
7.7099999999998792 13
7.719999999999879 13
7.7299999999998787 13
7.7399999999998785 13
7.7499999999998783 13
7.7599999999998781 13
7.7699999999998779 13
7.7799999999998777 13
7.7899999999998775 12
7.7999999999998773 12
7.809999999999877 12
7.8199999999998768 12
7.8299999999998766 12
7.8399999999998764 12
7.8499999999998762 12
7.859999999999876 12
7.8699999999998758 12
7.8799999999998755 12
7.8899999999998753 12
7.8999999999998751 12
7.9099999999998749 12
7.9199999999998747 12
7.9299999999998745 13
7.9399999999998743 13
7.9499999999998741 13
7.9599999999998738 13
7.9699999999998736 13
7.9799999999998734 13
7.9899999999998732 13
7.999999999999873 13
8.0099999999998737 13
8.0199999999998735 13
8.0299999999998732 13
8.039999999999873 13
8.0499999999998728 13
8.0599999999998726 14
8.0699999999998724 14
8.0799999999998722 14
8.089999999999872 14
8.0999999999998717 14
8.1099999999998715 14
8.1199999999998713 14
8.1299999999998711 14
8.1399999999998709 14
8.1499999999998707 14
8.1599999999998705 14
8.1699999999998703 14
8.17999999999987 14
8.1899999999998698 14
8.1999999999998696 14
8.2099999999998694 15
8.2199999999998692 15
8.229999999999869 15
8.2399999999998688 15
8.2499999999998685 15
8.2599999999998683 15
8.2699999999998681 15
8.2799999999998679 15
8.2899999999998677 15
8.2999999999998675 15
8.3099999999998673 15
8.3199999999998671 15
8.3299999999998668 15
8.3399999999998666 15
8.3499999999998664 15
8.3599999999998662 15
8.369999999999866 15
8.3799999999998658 15
8.3899999999998656 15
8.3999999999998654 15
8.4099999999998651 15
8.4199999999998649 15
8.4299999999998647 15
8.4399999999998645 15
8.4499999999998643 15
8.4599999999998641 15
8.4699999999998639 15
8.4799999999998636 15
8.4899999999998634 15
8.4999999999998632 15
8.509999999999863 15
8.5199999999998628 15
8.5299999999998626 15
8.5399999999998624 15
8.5499999999998622 15
8.5599999999998619 15
8.5699999999998617 15
8.5799999999998615 15
8.5899999999998613 15
8.5999999999998611 15
8.6099999999998609 15
8.6199999999998607 15
8.6299999999998604 15
8.6399999999998602 15
8.64999999999986 15
8.6599999999998598 15
8.6699999999998596 15
8.6799999999998594 15
8.6899999999998592 15
8.699999999999859 15
8.7099999999998587 15
8.7199999999998585 15
8.7299999999998583 15
8.7399999999998581 15
8.7499999999998579 15
8.7599999999998577 15
8.7699999999998575 15
8.7799999999998573 15
8.789999999999857 15
8.7999999999998568 15
8.8099999999998566 15
8.8199999999998564 15
8.8299999999998562 15
8.839999999999856 15
8.8499999999998558 15
8.8599999999998555 15
8.8699999999998553 15
8.8799999999998551 15
8.8899999999998549 15
8.8999999999998547 15
8.9099999999998545 15
8.9199999999998543 15
8.9299999999998541 15
8.9399999999998538 15
8.9499999999998536 15
8.9599999999998534 15
8.9699999999998532 15
8.979999999999853 15
8.9899999999998528 15
8.9999999999998526 15
9.0099999999998523 15
9.0199999999998521 15
9.0299999999998519 15
9.0399999999998517 15
9.0499999999998515 15
9.0599999999998513 15
9.0699999999998511 15
9.0799999999998509 15
9.0899999999998506 15
9.0999999999998504 15
9.1099999999998502 15
9.11999999999985 15
9.1299999999998498 15
9.1399999999998496 15
9.1499999999998494 15
9.1599999999998492 15
9.1699999999998489 15
9.1799999999998487 12
9.1899999999998485 12
9.1999999999998483 12
9.2099999999998481 12
9.2199999999998479 12
9.2299999999998477 12
9.2399999999998474 12
9.2499999999998472 12
9.259999999999847 12
9.2699999999998468 12
9.2799999999998466 12
9.2899999999998464 11
9.2999999999998462 11
9.309999999999846 11
9.3199999999998457 11
9.3299999999998455 11
9.3399999999998453 11
9.3499999999998451 11
9.3599999999998449 11
9.3699999999998447 11
9.3799999999998445 11
9.3899999999998442 11
9.399999999999844 11
9.4099999999998438 12
9.4199999999998436 12
9.4299999999998434 12
9.4399999999998432 12
9.449999999999843 12
9.4599999999998428 12
9.4699999999998425 12
9.4799999999998423 12
9.4899999999998421 12
9.4999999999998419 12
9.5099999999998417 12
9.5199999999998415 12
9.5299999999998413 12
9.5399999999998411 12
9.5499999999998408 12
9.5599999999998406 12
9.5699999999998404 12
9.5799999999998402 12
9.58999999999984 12
9.5999999999998398 12
9.6099999999998396 12
9.6199999999998393 12
9.6299999999998391 12
9.6399999999998389 12
9.6499999999998387 12
9.6599999999998385 12
9.6699999999998383 12
9.6799999999998381 12
9.6899999999998379 12
9.6999999999998376 12
9.7099999999998374 12
9.7199999999998372 12
9.729999999999837 12
9.7399999999998368 12
9.7499999999998366 12
9.7599999999998364 12
9.7699999999998361 12
9.7799999999998359 12
9.7899999999998357 12
9.7999999999998355 12
9.8099999999998353 12
9.8199999999998351 12
9.8299999999998349 12
9.8399999999998347 12
9.8499999999998344 12
9.8599999999998342 12
9.869999999999834 12
9.8799999999998338 12
9.8899999999998336 12
9.8999999999998334 12
9.9099999999998332 12
9.919999999999833 12
9.9299999999998327 12
9.9399999999998325 12
9.9499999999998323 12
9.9599999999998321 12
9.9699999999998319 12
9.9799999999998317 12
9.9899999999998315 12
9.9999999999998312 12
10.009999999999831 12
10.019999999999831 12
10.029999999999831 12
10.03999999999983 12
10.04999999999983 12
10.05999999999983 12
10.06999999999983 12
10.07999999999983 12
10.089999999999829 12
10.099999999999829 12
10.109999999999829 12
10.119999999999829 12
10.129999999999828 12
10.139999999999828 13
10.149999999999828 13
10.159999999999828 13
10.169999999999828 13
10.179999999999827 13
10.189999999999827 13
10.199999999999827 13
10.209999999999827 13
10.219999999999827 13
10.229999999999826 13
10.239999999999826 13
10.249999999999826 13
10.259999999999826 13
10.269999999999825 12
10.279999999999825 12
10.289999999999825 12
10.299999999999825 12
10.309999999999825 12
10.319999999999824 12
10.329999999999824 12
10.339999999999824 12
10.349999999999824 12
10.359999999999824 12
10.369999999999823 12
10.379999999999823 12
10.389999999999823 12
10.399999999999823 14
10.409999999999823 14
10.419999999999822 14
10.429999999999822 14
10.439999999999822 14
10.449999999999822 14
10.459999999999821 14
10.469999999999821 14
10.479999999999821 14
10.489999999999821 14
10.499999999999821 14
10.50999999999982 14
10.51999999999982 14
10.52999999999982 14
10.53999999999982 14
10.54999999999982 14
10.559999999999819 14
10.569999999999819 14
10.579999999999819 14
10.589999999999819 14
10.599999999999818 14
10.609999999999818 14
10.619999999999818 14
10.629999999999818 14
10.639999999999818 14
10.649999999999817 14
10.659999999999817 14
10.669999999999817 14
10.679999999999817 14
10.689999999999817 14
10.699999999999816 15
10.709999999999816 15
10.719999999999816 15
10.729999999999816 15
10.739999999999815 15
10.749999999999815 15
10.759999999999815 15
10.769999999999815 15
10.779999999999815 15
10.789999999999814 15
10.799999999999814 15
10.809999999999814 15
10.819999999999814 15
10.829999999999814 15
10.839999999999813 15
10.849999999999813 15
10.859999999999813 15
10.869999999999813 15
10.879999999999812 15
10.889999999999812 15
10.899999999999812 15
10.909999999999812 15
10.919999999999812 15
10.929999999999811 15
10.939999999999811 15
10.949999999999811 15
10.959999999999811 15
10.969999999999811 15
10.97999999999981 15
10.98999999999981 15
10.99999999999981 15
11.00999999999981 15
11.01999999999981 15
11.029999999999809 15
11.039999999999809 15
11.049999999999809 15
11.059999999999809 15
11.069999999999808 15
11.079999999999808 15
11.089999999999808 15
11.099999999999808 15
11.109999999999808 15
11.119999999999807 15
11.129999999999807 15
11.139999999999807 15
11.149999999999807 15
11.159999999999807 15
11.169999999999806 15
11.179999999999806 15
11.189999999999806 15
11.199999999999806 15
11.209999999999805 15
11.219999999999805 15
11.229999999999805 15
11.239999999999805 15
11.249999999999805 15
11.259999999999804 15
11.269999999999804 15
11.279999999999804 15
11.289999999999804 15
11.299999999999804 15
11.309999999999803 15
11.319999999999803 15
11.329999999999803 15
11.339999999999803 15
11.349999999999802 15
11.359999999999802 15
11.369999999999802 15
11.379999999999802 15
11.389999999999802 15
11.399999999999801 15
11.409999999999801 15
11.419999999999801 15
11.429999999999801 15
11.439999999999801 15
11.4499999999998 15
11.4599999999998 15
11.4699999999998 15
11.4799999999998 15
11.489999999999799 15
11.499999999999799 15
11.509999999999799 15
11.519999999999799 12
11.529999999999799 12
11.539999999999798 12
11.549999999999798 12
11.559999999999798 12
11.569999999999798 12
11.579999999999798 12
11.589999999999797 12
11.599999999999797 12
11.609999999999797 12
11.619999999999797 12
11.629999999999797 12
11.639999999999796 12
11.649999999999796 12
11.659999999999796 12
11.669999999999796 12
11.679999999999795 12
11.689999999999795 12
11.699999999999795 12
11.709999999999795 12
11.719999999999795 12
11.729999999999794 12
11.739999999999794 12
11.749999999999794 12
11.759999999999794 12
11.769999999999794 12
11.779999999999793 12
11.789999999999793 12
11.799999999999793 12
11.809999999999793 12
11.819999999999792 12
11.829999999999792 12
11.839999999999792 12
11.849999999999792 12
11.859999999999792 12
11.869999999999791 12
11.879999999999791 12
11.889999999999791 12
11.899999999999791 12
11.909999999999791 12
11.91999999999979 12
11.92999999999979 12
11.93999999999979 12
11.94999999999979 12
11.959999999999789 12
11.969999999999789 12
11.979999999999789 12
11.989999999999789 12
11.999999999999789 12
12.009999999999788 12
12.019999999999788 12
12.029999999999788 12
12.039999999999788 12
12.049999999999788 12
12.059999999999787 12
12.069999999999787 12
12.079999999999787 12
12.089999999999787 12
12.099999999999786 12
12.109999999999786 12
12.119999999999786 12
12.129999999999786 12
12.139999999999786 12
12.149999999999785 12
12.159999999999785 12
12.169999999999785 12
12.179999999999785 12
12.189999999999785 12
12.199999999999784 12
12.209999999999784 12
12.219999999999784 12
12.229999999999784 12
12.239999999999783 12
12.249999999999783 12
12.259999999999783 12
12.269999999999783 12
12.279999999999783 12
12.289999999999782 12
12.299999999999782 12
12.309999999999782 12
12.319999999999782 12
12.329999999999782 12
12.339999999999781 12
12.349999999999781 12
12.359999999999781 12
12.369999999999781 12
12.379999999999781 12
12.38999999999978 12
12.39999999999978 12
12.40999999999978 12
12.41999999999978 12
12.429999999999779 12
12.439999999999779 12
12.449999999999779 12
12.459999999999779 12
12.469999999999779 12
12.479999999999778 12
12.489999999999778 12
12.499999999999778 12
12.509999999999778 12
12.519999999999778 12
12.529999999999777 12
12.539999999999777 12
12.549999999999777 12
12.559999999999777 12
12.569999999999776 12
12.579999999999776 12
12.589999999999776 12
12.599999999999776 12
12.609999999999776 12
12.619999999999775 12
12.629999999999775 12
12.639999999999775 12
12.649999999999775 12
12.659999999999775 12
12.669999999999774 12
12.679999999999774 12
12.689999999999774 12
12.699999999999774 12
12.709999999999773 12
12.719999999999773 12
12.729999999999773 13
12.739999999999773 13
12.749999999999773 13
12.759999999999772 13
12.769999999999772 13
12.779999999999772 13
12.789999999999772 13
12.799999999999772 13
12.809999999999771 13
12.819999999999771 13
12.829999999999771 13
12.839999999999771 13
12.84999999999977 13
12.85999999999977 13
12.86999999999977 14
12.87999999999977 14
12.88999999999977 14
12.899999999999769 14
12.909999999999769 14
12.919999999999769 14
12.929999999999769 14
12.939999999999769 14
12.949999999999768 14
12.959999999999768 14
12.969999999999768 14
12.979999999999768 14
12.989999999999768 14
12.999999999999767 14
13.009999999999767 14
13.019999999999767 14
13.029999999999767 14
13.039999999999766 14
13.049999999999766 14
13.059999999999766 14
13.069999999999766 14
13.079999999999766 14
13.089999999999765 14
13.099999999999765 14
13.109999999999765 14
13.119999999999765 14
13.129999999999765 14
13.139999999999764 14
13.149999999999764 14
13.159999999999764 15
13.169999999999764 15
13.179999999999763 15
13.189999999999763 15
13.199999999999763 15
13.209999999999763 15
13.219999999999763 15
13.229999999999762 15
13.239999999999762 15
13.249999999999762 15
13.259999999999762 15
13.269999999999762 15
13.279999999999761 15
13.289999999999761 15
13.299999999999761 15
13.309999999999761 15
13.31999999999976 15
13.32999999999976 15
13.33999999999976 15
13.34999999999976 15
13.35999999999976 15
13.369999999999759 15
13.379999999999759 15
13.389999999999759 15
13.399999999999759 15
13.409999999999759 15
13.419999999999758 15
13.429999999999758 15
13.439999999999758 15
13.449999999999758 15
13.459999999999757 15
13.469999999999757 15
13.479999999999757 15
13.489999999999757 15
13.499999999999757 15
13.509999999999756 15
13.519999999999756 15
13.529999999999756 15
13.539999999999756 15
13.549999999999756 15
13.559999999999755 15
13.569999999999755 15
13.579999999999755 15
13.589999999999755 15
13.599999999999755 15
13.609999999999754 15
13.619999999999754 15
13.629999999999754 15
13.639999999999754 15
13.649999999999753 15
13.659999999999753 15
13.669999999999753 15
13.679999999999753 15
13.689999999999753 15
13.699999999999752 15
13.709999999999752 15
13.719999999999752 15
13.729999999999752 15
13.739999999999752 15
13.749999999999751 15
13.759999999999751 15
13.769999999999751 15
13.779999999999751 15
13.78999999999975 15
13.79999999999975 15
13.80999999999975 15
13.81999999999975 15
13.82999999999975 15
13.839999999999749 15
13.849999999999749 15
13.859999999999749 15
13.869999999999749 15
13.879999999999749 15
13.889999999999748 15
13.899999999999748 15
13.909999999999748 15
13.919999999999748 15
13.929999999999747 15
13.939999999999747 15
13.949999999999747 15
13.959999999999747 15
13.969999999999747 15
13.979999999999746 15
13.989999999999746 15
13.999999999999746 15
14.009999999999746 15
14.019999999999746 15
14.029999999999745 15
14.039999999999745 15
14.049999999999745 15
14.059999999999745 15
14.069999999999744 15
14.079999999999744 15
14.089999999999744 15
14.099999999999744 15
14.109999999999744 12
14.119999999999743 12
14.129999999999743 12
14.139999999999743 12
14.149999999999743 12
14.159999999999743 12
14.169999999999742 12
14.179999999999742 12
14.189999999999742 12
14.199999999999742 12
14.209999999999742 12
14.219999999999741 12
14.229999999999741 12
14.239999999999741 12
14.249999999999741 12
14.25999999999974 12
14.26999999999974 12
14.27999999999974 12
14.28999999999974 12
14.29999999999974 12
14.309999999999739 12
14.319999999999739 12
14.329999999999739 12
14.339999999999739 12
14.349999999999739 12
14.359999999999738 12
14.369999999999738 12
14.379999999999738 12
14.389999999999738 12
14.399999999999737 12
14.409999999999737 12
14.419999999999737 12
14.429999999999737 12
14.439999999999737 12
14.449999999999736 12
14.459999999999736 12
14.469999999999736 12
14.479999999999736 12
14.489999999999736 12
14.499999999999735 12
14.509999999999735 12
14.519999999999735 12
14.529999999999735 12
14.539999999999734 12
14.549999999999734 12
14.559999999999734 12
14.569999999999734 12
14.579999999999734 12
14.589999999999733 12
14.599999999999733 12
14.609999999999733 12
14.619999999999733 12
14.629999999999733 12
14.639999999999732 12
14.649999999999732 12
14.659999999999732 12
14.669999999999732 12
14.679999999999731 12
14.689999999999731 12
14.699999999999731 12
14.709999999999731 12
14.719999999999731 12
14.72999999999973 12
14.73999999999973 12
14.74999999999973 12
14.75999999999973 12
14.76999999999973 12
14.779999999999729 12
14.789999999999729 12
14.799999999999729 12
14.809999999999729 12
14.819999999999729 12
14.829999999999728 12
14.839999999999728 12
14.849999999999728 12
14.859999999999728 12
14.869999999999727 12
14.879999999999727 12
14.889999999999727 12
14.899999999999727 12
14.909999999999727 12
14.919999999999726 12
14.929999999999726 12
14.939999999999726 12
14.949999999999726 12
14.959999999999726 12
14.969999999999725 12
14.979999999999725 12
14.989999999999725 12
14.999999999999725 12
15.009999999999724 12
15.019999999999724 12
15.029999999999724 12
15.039999999999724 12
15.049999999999724 12
15.059999999999723 12
15.069999999999723 12
15.079999999999723 13
15.089999999999723 13
15.099999999999723 13
15.109999999999722 13
15.119999999999722 13
15.129999999999722 13
15.139999999999722 13
15.149999999999721 13
15.159999999999721 13
15.169999999999721 13
15.179999999999721 13
15.189999999999721 13
15.19999999999972 13
15.20999999999972 13
15.21999999999972 13
15.22999999999972 13
15.23999999999972 13
15.249999999999719 13
15.259999999999719 13
15.269999999999719 13
15.279999999999719 13
15.289999999999718 13
15.299999999999718 13
15.309999999999718 13
15.319999999999718 13
15.329999999999718 13
15.339999999999717 13
15.349999999999717 14
15.359999999999717 14
15.369999999999717 14
15.379999999999717 14
15.389999999999716 14
15.399999999999716 14
15.409999999999716 14
15.419999999999716 14
15.429999999999715 14
15.439999999999715 14
15.449999999999715 14
15.459999999999715 14
15.469999999999715 14
15.479999999999714 14
15.489999999999714 14
15.499999999999714 15
15.509999999999714 15
15.519999999999714 15
15.529999999999713 15
15.539999999999713 15
15.549999999999713 15
15.559999999999713 15
15.569999999999713 15
15.579999999999712 15
15.589999999999712 15
15.599999999999712 15
15.609999999999712 15
15.619999999999711 15
15.629999999999711 15
15.639999999999711 15
15.649999999999711 15
15.659999999999711 15
15.66999999999971 15
15.67999999999971 15
15.68999999999971 15
15.69999999999971 15
15.70999999999971 15
15.719999999999709 15
15.729999999999709 15
15.739999999999709 15
15.749999999999709 15
15.759999999999708 15
15.769999999999708 15
15.779999999999708 15
15.789999999999708 15
15.799999999999708 15
15.809999999999707 15
15.819999999999707 15
15.829999999999707 15
15.839999999999707 15
15.849999999999707 15
15.859999999999706 15
15.869999999999706 15
15.879999999999706 15
15.889999999999706 15
15.899999999999705 15
15.909999999999705 15
15.919999999999705 15
15.929999999999705 15
15.939999999999705 15
15.949999999999704 15
15.959999999999704 15
15.969999999999704 15
15.979999999999704 15
15.989999999999704 15
15.999999999999703 15
16.009999999999703 15
16.019999999999705 15
16.029999999999706 15
16.039999999999708 15
16.049999999999709 15
16.059999999999711 15
16.069999999999713 15
16.079999999999714 15
16.089999999999716 15
16.099999999999717 15
16.109999999999719 15
16.11999999999972 15
16.129999999999722 15
16.139999999999723 15
16.149999999999725 15
16.159999999999727 15
16.169999999999728 15
16.17999999999973 15
16.189999999999731 15
16.199999999999733 15
16.209999999999734 15
16.219999999999736 15
16.229999999999738 15
16.239999999999739 15
16.249999999999741 15
16.259999999999742 15
16.269999999999744 15
16.279999999999745 15
16.289999999999747 15
16.299999999999748 15
16.30999999999975 15
16.319999999999752 15
16.329999999999753 15
16.339999999999755 15
16.349999999999756 11
16.359999999999758 11
16.369999999999759 11
16.379999999999761 11
16.389999999999763 11
16.399999999999764 11
16.409999999999766 11
16.419999999999767 11
16.429999999999769 11
16.43999999999977 11
16.449999999999772 11
16.459999999999773 12
16.469999999999775 12
16.479999999999777 12
16.489999999999778 12
16.49999999999978 12
16.509999999999781 12
16.519999999999783 12
16.529999999999784 12
16.539999999999786 12
16.549999999999788 12
16.559999999999789 12
16.569999999999791 12
16.579999999999792 12
16.589999999999794 12
16.599999999999795 12
16.609999999999797 12
16.619999999999798 12
16.6299999999998 12
16.639999999999802 12
16.649999999999803 12
16.659999999999805 12
16.669999999999806 12
16.679999999999808 12
16.689999999999809 11
16.699999999999811 11
16.709999999999813 11
16.719999999999814 11
16.729999999999816 11
16.739999999999817 11
16.749999999999819 11
16.75999999999982 11
16.769999999999822 11
16.779999999999824 11
16.789999999999825 11
16.799999999999827 11
16.809999999999828 12
16.81999999999983 12
16.829999999999831 12
16.839999999999833 12
16.849999999999834 12
16.859999999999836 12
16.869999999999838 12
16.879999999999839 12
16.889999999999841 12
16.899999999999842 12
16.909999999999844 12
16.919999999999845 12
16.929999999999847 11
16.939999999999849 11
16.94999999999985 11
16.959999999999852 11
16.969999999999853 11
16.979999999999855 11
16.989999999999856 11
16.999999999999858 11
17.009999999999859 11
17.019999999999861 11
17.029999999999863 11
17.039999999999864 12
17.049999999999866 12
17.059999999999867 12
17.069999999999869 12
17.07999999999987 12
17.089999999999872 12
17.099999999999874 12
17.109999999999875 12
17.119999999999877 12
17.129999999999878 12
17.13999999999988 12
17.149999999999881 12
17.159999999999883 12
17.169999999999884 12
17.179999999999886 12
17.189999999999888 12
17.199999999999889 12
17.209999999999891 12
17.219999999999892 12
17.229999999999894 12
17.239999999999895 12
17.249999999999897 12
17.259999999999899 12
17.2699999999999 12
17.279999999999902 12
17.289999999999903 12
17.299999999999905 12
17.309999999999906 12
17.319999999999908 12
17.329999999999909 12
17.339999999999911 12
17.349999999999913 12
17.359999999999914 12
17.369999999999916 12
17.379999999999917 12
17.389999999999919 12
17.39999999999992 12
17.409999999999922 12
17.419999999999924 12
17.429999999999925 12
17.439999999999927 12
17.449999999999928 12
17.45999999999993 12
17.469999999999931 12
17.479999999999933 12
17.489999999999934 12
17.499999999999936 12
17.509999999999938 12
17.519999999999939 12
17.529999999999941 12
17.539999999999942 14
17.549999999999944 14
17.559999999999945 14
17.569999999999947 14
17.579999999999949 14
17.58999999999995 14
17.599999999999952 14
17.609999999999953 14
17.619999999999955 14
17.629999999999956 14
17.639999999999958 14
17.649999999999959 14
17.659999999999961 14
17.669999999999963 14
17.679999999999964 14
17.689999999999966 14
17.699999999999967 14
17.709999999999969 14
17.71999999999997 14
17.729999999999972 14
17.739999999999974 14
17.749999999999975 14
17.759999999999977 14
17.769999999999978 14
17.77999999999998 14
17.789999999999981 14
17.799999999999983 14
17.809999999999985 14
17.819999999999986 14
17.829999999999988 15
17.839999999999989 15
17.849999999999991 15
17.859999999999992 15
17.869999999999994 15
17.8