1 10
1.01 10
1.02 10
1.03 10
1.04 10
1.05 10
1.0600000000000001 10
1.0700000000000001 10
1.0800000000000001 10
1.0900000000000001 10
1.1000000000000001 10
1.1100000000000001 10
1.1200000000000001 10
1.1300000000000001 10
1.1400000000000001 10
1.1500000000000001 10
1.1600000000000001 10
1.1700000000000002 10
1.1800000000000002 10
1.1900000000000002 10
1.2000000000000002 10
1.2100000000000002 10
1.2200000000000002 10
1.2300000000000002 10
1.2400000000000002 10
1.2500000000000002 10
1.2600000000000002 10
1.2700000000000002 10
1.2800000000000002 10
1.2900000000000003 10
1.3000000000000003 10
1.3100000000000003 10
1.3200000000000003 10
1.3300000000000003 10
1.3400000000000003 10
1.3500000000000003 10
1.3600000000000003 10
1.3700000000000003 10
1.3800000000000003 10
1.3900000000000003 10
1.4000000000000004 10
1.4100000000000004 9
1.4200000000000004 9
1.4300000000000004 9
1.4400000000000004 9
1.4500000000000004 9
1.4600000000000004 9
1.4700000000000004 9
1.4800000000000004 9
1.4900000000000004 9
1.5000000000000004 9
1.5100000000000005 9
1.5200000000000005 7
1.5300000000000005 7
1.5400000000000005 7
1.5500000000000005 7
1.5600000000000005 7
1.5700000000000005 7
1.5800000000000005 7
1.5900000000000005 7
1.6000000000000005 7
1.6100000000000005 7
1.6200000000000006 7
1.6300000000000006 7
1.6400000000000006 6
1.6500000000000006 6
1.6600000000000006 6
1.6700000000000006 6
1.6800000000000006 6
1.6900000000000006 6
1.7000000000000006 6
1.7100000000000006 6
1.7200000000000006 6
1.7300000000000006 6
1.7400000000000007 6
1.7500000000000007 6
1.7600000000000007 6
1.7700000000000007 6
1.7800000000000007 6
1.7900000000000007 6
1.8000000000000007 6
1.8100000000000007 6
1.8200000000000007 6
1.8300000000000007 6
1.8400000000000007 6
1.8500000000000008 6
1.8600000000000008 6
1.8700000000000008 6
1.8800000000000008 6
1.8900000000000008 6
1.9000000000000008 6
1.9100000000000008 6
1.9200000000000008 6
1.9300000000000008 6
1.9400000000000008 6
1.9500000000000008 6
1.9600000000000009 6
1.9700000000000009 6
1.9800000000000009 6
1.9900000000000009 6
2.0000000000000009 6
2.0100000000000007 6
2.0200000000000005 6
2.0300000000000002 6
2.04 6
2.0499999999999998 6
2.0599999999999996 6
2.0699999999999994 6
2.0799999999999992 6
2.089999999999999 6
2.0999999999999988 6
2.1099999999999985 6
2.1199999999999983 6
2.1299999999999981 6
2.1399999999999979 6
2.1499999999999977 6
2.1599999999999975 6
2.1699999999999973 6
2.1799999999999971 6
2.1899999999999968 6
2.1999999999999966 6
2.2099999999999964 6
2.2199999999999962 5
2.229999999999996 5
2.2399999999999958 5
2.2499999999999956 5
2.2599999999999953 5
2.2699999999999951 5
2.2799999999999949 5
2.2899999999999947 5
2.2999999999999945 5
2.3099999999999943 5
2.3199999999999941 5
2.3299999999999939 5
2.3399999999999936 4
2.3499999999999934 4
2.3599999999999932 4
2.369999999999993 4
2.3799999999999928 4
2.3899999999999926 4
2.3999999999999924 4
2.4099999999999921 4
2.4199999999999919 4
2.4299999999999917 4
2.4399999999999915 4
2.4499999999999913 4
2.4599999999999911 4
2.4699999999999909 4
2.4799999999999907 4
2.4899999999999904 4
2.4999999999999902 4
2.50999999999999 4
2.5199999999999898 4
2.5299999999999896 4
2.5399999999999894 4
2.5499999999999892 4
2.559999999999989 4
2.5699999999999887 4
2.5799999999999885 4
2.5899999999999883 4
2.5999999999999881 4
2.6099999999999879 4
2.6199999999999877 4
2.6299999999999875 4
2.6399999999999872 4
2.649999999999987 4
2.6599999999999868 4
2.6699999999999866 4
2.6799999999999864 4
2.6899999999999862 4
2.699999999999986 4
2.7099999999999858 4
2.7199999999999855 4
2.7299999999999853 4
2.7399999999999851 4
2.7499999999999849 6
2.7599999999999847 6
2.7699999999999845 6
2.7799999999999843 6
2.789999999999984 6
2.7999999999999838 6
2.8099999999999836 6
2.8199999999999834 6
2.8299999999999832 6
2.839999999999983 6
2.8499999999999828 6
2.8599999999999826 6
2.8699999999999823 6
2.8799999999999821 6
2.8899999999999819 6
2.8999999999999817 6
2.9099999999999815 6
2.9199999999999813 6
2.9299999999999811 6
2.9399999999999809 6
2.9499999999999806 6
2.9599999999999804 6
2.9699999999999802 6
2.97999999999998 6
2.9899999999999798 6
2.9999999999999796 6
3.0099999999999794 6
3.0199999999999791 6
3.0299999999999789 6
3.0399999999999787 6
3.0499999999999785 6
3.0599999999999783 6
3.0699999999999781 6
3.0799999999999779 6
3.0899999999999777 6
3.0999999999999774 6
3.1099999999999772 6
3.119999999999977 6
3.1299999999999768 6
3.1399999999999766 6
3.1499999999999764 6
3.1599999999999762 6
3.1699999999999759 6
3.1799999999999757 6
3.1899999999999755 6
3.1999999999999753 6
3.2099999999999751 6
3.2199999999999749 6
3.2299999999999747 6
3.2399999999999745 6
3.2499999999999742 6
3.259999999999974 6
3.2699999999999738 6
3.2799999999999736 6
3.2899999999999734 6
3.2999999999999732 6
3.309999999999973 6
3.3199999999999728 6
3.3299999999999725 6
3.3399999999999723 6
3.3499999999999721 6
3.3599999999999719 6
3.3699999999999717 6
3.3799999999999715 6
3.3899999999999713 6
3.399999999999971 6
3.4099999999999708 6
3.4199999999999706 6
3.4299999999999704 6
3.4399999999999702 6
3.44999999999997 6
3.4599999999999698 6
3.4699999999999696 6
3.4799999999999693 6
3.4899999999999691 6
3.4999999999999689 6
3.5099999999999687 6
3.5199999999999685 6
3.5299999999999683 6
3.5399999999999681 6
3.5499999999999678 5
3.5599999999999676 5
3.5699999999999674 5
3.5799999999999672 5
3.589999999999967 5
3.5999999999999668 5
3.6099999999999666 5
3.6199999999999664 5
3.6299999999999661 5
3.6399999999999659 5
3.6499999999999657 5
3.6599999999999655 5
3.6699999999999653 4
3.6799999999999651 4
3.6899999999999649 4
3.6999999999999647 4
3.7099999999999644 4
3.7199999999999642 4
3.729999999999964 4
3.7399999999999638 4
3.7499999999999636 4
3.7599999999999634 4
3.7699999999999632 4
3.7799999999999629 4
3.7899999999999627 4
3.7999999999999625 4
3.8099999999999623 4
3.8199999999999621 4
3.8299999999999619 4
3.8399999999999617 4
3.8499999999999615 4
3.8599999999999612 4
3.869999999999961 4
3.8799999999999608 4
3.8899999999999606 4
3.8999999999999604 3
3.9099999999999602 3
3.91999999999996 3
3.9299999999999597 3
3.9399999999999595 3
3.9499999999999593 3
3.9599999999999591 3
3.9699999999999589 3
3.9799999999999587 3
3.9899999999999585 3
3.9999999999999583 3
4.009999999999958 3
4.0199999999999578 3
4.0299999999999576 3
4.0399999999999574 3
4.0499999999999572 3
4.059999999999957 3
4.0699999999999568 3
4.0799999999999566 3
4.0899999999999563 3
4.0999999999999561 3
4.1099999999999559 3
4.1199999999999557 3
4.1299999999999555 3
4.1399999999999553 4
4.1499999999999551 4
4.1599999999999548 4
4.1699999999999546 4
4.1799999999999544 4
4.1899999999999542 4
4.199999999999954 4
4.2099999999999538 4
4.2199999999999536 4
4.2299999999999534 4
4.2399999999999531 4
4.2499999999999529 3
4.2599999999999527 3
4.2699999999999525 3
4.2799999999999523 3
4.2899999999999521 3
4.2999999999999519 3
4.3099999999999516 3
4.3199999999999514 3
4.3299999999999512 3
4.339999999999951 3
4.3499999999999508 3
4.3599999999999506 3
4.3699999999999504 3
4.3799999999999502 3
4.3899999999999499 3
4.3999999999999497 3
4.4099999999999495 3
4.4199999999999493 3
4.4299999999999491 3
4.4399999999999489 3
4.4499999999999487 3
4.4599999999999485 3
4.4699999999999482 3
4.479999999999948 3
4.4899999999999478 3
4.4999999999999476 4
4.5099999999999474 4
4.5199999999999472 4
4.529999999999947 4
4.5399999999999467 4
4.5499999999999465 4
4.5599999999999463 4
4.5699999999999461 4
4.5799999999999459 4
4.5899999999999457 4
4.5999999999999455 4
4.6099999999999453 4
4.619999999999945 4
4.6299999999999448 4
4.6399999999999446 4
4.6499999999999444 4
4.6599999999999442 4
4.669999999999944 4
4.6799999999999438 4
4.6899999999999435 4
4.6999999999999433 4
4.7099999999999431 4
4.7199999999999429 4
4.7299999999999427 4
4.7399999999999425 4
4.7499999999999423 4
4.7599999999999421 4
4.7699999999999418 4
4.7799999999999416 4
4.7899999999999414 4
4.7999999999999412 4
4.809999999999941 4
4.8199999999999408 4
4.8299999999999406 4
4.8399999999999403 4
4.8499999999999401 4
4.8599999999999399 4
4.8699999999999397 4
4.8799999999999395 4
4.8899999999999393 4
4.8999999999999391 4
4.9099999999999389 4
4.9199999999999386 5
4.9299999999999384 5
4.9399999999999382 5
4.949999999999938 5
4.9599999999999378 5
4.9699999999999376 5
4.9799999999999374 5
4.9899999999999372 5
4.9999999999999369 5
5.0099999999999367 5
5.0199999999999365 5
5.0299999999999363 5
5.0399999999999361 5
5.0499999999999359 5
5.0599999999999357 5
5.0699999999999354 5
5.0799999999999352 5
5.089999999999935 5
5.0999999999999348 5
5.1099999999999346 5
5.1199999999999344 5
5.1299999999999342 5
5.139999999999934 5
5.1499999999999337 5
5.1599999999999335 4
5.1699999999999333 4
5.1799999999999331 4
5.1899999999999329 4
5.1999999999999327 4
5.2099999999999325 4
5.2199999999999322 4
5.229999999999932 4
5.2399999999999318 4
5.2499999999999316 4
5.2599999999999314 4
5.2699999999999312 4
5.279999999999931 4
5.2899999999999308 4
5.2999999999999305 4
5.3099999999999303 4
5.3199999999999301 4
5.3299999999999299 4
5.3399999999999297 4
5.3499999999999295 4
5.3599999999999293 4
5.3699999999999291 4
5.3799999999999288 4
5.3899999999999286 3
5.3999999999999284 3
5.4099999999999282 3
5.419999999999928 3
5.4299999999999278 3
5.4399999999999276 3
5.4499999999999273 3
5.4599999999999271 3
5.4699999999999269 3
5.4799999999999267 3
5.4899999999999265 3
5.4999999999999263 3
5.5099999999999261 3
5.5199999999999259 3
5.5299999999999256 3
5.5399999999999254 3
5.5499999999999252 3
5.559999999999925 3
5.5699999999999248 3
5.5799999999999246 3
5.5899999999999244 3
5.5999999999999241 3
5.6099999999999239 3
5.6199999999999237 4
5.6299999999999235 4
5.6399999999999233 4
5.6499999999999231 4
5.6599999999999229 4
5.6699999999999227 4
5.6799999999999224 4
5.6899999999999222 4
5.699999999999922 4
5.7099999999999218 4
5.7199999999999216 4
5.7299999999999214 4
5.7399999999999212 3
5.749999999999921 3
5.7599999999999207 3
5.7699999999999205 3
5.7799999999999203 3
5.7899999999999201 3
5.7999999999999199 3
5.8099999999999197 3
5.8199999999999195 3
5.8299999999999192 3
5.839999999999919 3
5.8499999999999188 3
5.8599999999999186 3
5.8699999999999184 3
5.8799999999999182 3
5.889999999999918 3
5.8999999999999178 3
5.9099999999999175 3
5.9199999999999173 3
5.9299999999999171 3
5.9399999999999169 3
5.9499999999999167 3
5.9599999999999165 3
5.9699999999999163 4
5.979999999999916 4
5.9899999999999158 4
5.9999999999999156 4
6.0099999999999154 4
6.0199999999999152 4
6.029999999999915 4
6.0399999999999148 4
6.0499999999999146 4
6.0599999999999143 4
6.0699999999999141 4
6.0799999999999139 4
6.0899999999999137 3
6.0999999999999135 3
6.1099999999999133 3
6.1199999999999131 3
6.1299999999999129 3
6.1399999999999126 3
6.1499999999999124 3
6.1599999999999122 3
6.169999999999912 3
6.1799999999999118 3
6.1899999999999116 3
6.1999999999999114 3
6.2099999999999111 3
6.2199999999999109 3
6.2299999999999107 3
6.2399999999999105 3
6.2499999999999103 3
6.2599999999999101 3
6.2699999999999099 3
6.2799999999999097 3
6.2899999999999094 3
6.2999999999999092 3
6.309999999999909 3
6.3199999999999088 3
6.3299999999999086 3
6.3399999999999084 3
6.3499999999999082 3
6.3599999999999079 3
6.3699999999999077 3
6.3799999999999075 3
6.3899999999999073 3
6.3999999999999071 3
6.4099999999999069 3
6.4199999999999067 3
6.4299999999999065 3
6.4399999999999062 3
6.449999999999906 3
6.4599999999999058 3
6.4699999999999056 3
6.4799999999999054 3
6.4899999999999052 3
6.499999999999905 3
6.5099999999999048 3
6.5199999999999045 3
6.5299999999999043 3
6.5399999999999041 3
6.5499999999999039 3
6.5599999999999037 3
6.5699999999999035 3
6.5799999999999033 3
6.589999999999903 3
6.5999999999999028 3
6.6099999999999026 3
6.6199999999999024 3
6.6299999999999022 3
6.639999999999902 3
6.6499999999999018 3
6.6599999999999016 3
6.6699999999999013 3
6.6799999999999011 3
6.6899999999999009 3
6.6999999999999007 3
6.7099999999999005 5
6.7199999999999003 5
6.7299999999999001 5
6.7399999999998998 5
6.7499999999998996 5
6.7599999999998994 5
6.7699999999998992 5
6.779999999999899 5
6.7899999999998988 5
6.7999999999998986 5
6.8099999999998984 5
6.8199999999998981 5
6.8299999999998979 5
6.8399999999998977 5
6.8499999999998975 6
6.8599999999998973 6
6.8699999999998971 6
6.8799999999998969 6
6.8899999999998967 6
6.8999999999998964 6
6.9099999999998962 6
6.919999999999896 6
6.9299999999998958 6
6.9399999999998956 6
6.9499999999998954 6
6.9599999999998952 6
6.9699999999998949 6
6.9799999999998947 6
6.9899999999998945 7
6.9999999999998943 7
7.0099999999998941 7
7.0199999999998939 7
7.0299999999998937 7
7.0399999999998935 7
7.0499999999998932 7
7.059999999999893 7
7.0699999999998928 7
7.0799999999998926 7
7.0899999999998924 7
7.0999999999998922 7
7.109999999999892 7
7.1199999999998917 7
7.1299999999998915 7
7.1399999999998913 7
7.1499999999998911 7
7.1599999999998909 7
7.1699999999998907 7
7.1799999999998905 7
7.1899999999998903 7
7.19999999999989 7
7.2099999999998898 7
7.2199999999998896 7
7.2299999999998894 8
7.2399999999998892 8
7.249999999999889 8
7.2599999999998888 8
7.2699999999998886 8
7.2799999999998883 8
7.2899999999998881 8
7.2999999999998879 8
7.3099999999998877 8
7.3199999999998875 8
7.3299999999998873 8
7.3399999999998871 6
7.3499999999998868 6
7.3599999999998866 6
7.3699999999998864 6
7.3799999999998862 6
7.389999999999886 6
7.3999999999998858 6
7.4099999999998856 6
7.4199999999998854 6
7.4299999999998851 6
7.4399999999998849 6
7.4499999999998847 6
7.4599999999998845 5
7.4699999999998843 5
7.4799999999998841 5
7.4899999999998839 5
7.4999999999998836 5
7.5099999999998834 5
7.5199999999998832 5
7.529999999999883 5
7.5399999999998828 5
7.5499999999998826 5
7.5599999999998824 5
7.5699999999998822 5
7.5799999999998819 5
7.5899999999998817 5
7.5999999999998815 5
7.6099999999998813 5
7.6199999999998811 5
7.6299999999998809 5
7.6399999999998807 5
7.6499999999998805 5
7.6599999999998802 5
7.66999999999988 5
7.6799999999998798 5
7.6899999999998796 4
7.6999999999998794 4
7.7099999999998792 4
7.719999999999879 4
7.7299999999998787 4
7.7399999999998785 4
7.7499999999998783 4
7.7599999999998781 4
7.7699999999998779 4
7.7799999999998777 4
7.7899999999998775 4
7.7999999999998773 4
7.809999999999877 4
7.8199999999998768 4
7.8299999999998766 4
7.8399999999998764 4
7.8499999999998762 4
7.859999999999876 4
7.8699999999998758 4
7.8799999999998755 4
7.8899999999998753 4
7.8999999999998751 4
7.9099999999998749 4
7.9199999999998747 3
7.9299999999998745 3
7.9399999999998743 3
7.9499999999998741 3
7.9599999999998738 3
7.9699999999998736 3
7.9799999999998734 3
7.9899999999998732 3
7.999999999999873 3
8.0099999999998737 3
8.0199999999998735 3
8.0299999999998732 3
8.039999999999873 3
8.0499999999998728 3
8.0599999999998726 3
8.0699999999998724 3
8.0799999999998722 3
8.089999999999872 3
8.0999999999998717 3
8.1099999999998715 3
8.1199999999998713 3
8.1299999999998711 3
8.1399999999998709 3
8.1499999999998707 3
8.1599999999998705 4
8.1699999999998703 4
8.17999999999987 4
8.1899999999998698 4
8.1999999999998696 4
8.2099999999998694 4
8.2199999999998692 4
8.229999999999869 4
8.2399999999998688 4
8.2499999999998685 4
8.2599999999998683 4
8.2699999999998681 4
8.2799999999998679 3
8.2899999999998677 3
8.2999999999998675 3
8.3099999999998673 3
8.3199999999998671 3
8.3299999999998668 3
8.3399999999998666 3
8.3499999999998664 3
8.3599999999998662 3
8.369999999999866 3
8.3799999999998658 3
8.3899999999998656 3
8.3999999999998654 4
8.4099999999998651 4
8.4199999999998649 4
8.4299999999998647 4
8.4399999999998645 4
8.4499999999998643 4
8.4599999999998641 4
8.4699999999998639 4
8.4799999999998636 4
8.4899999999998634 4
8.4999999999998632 4
8.509999999999863 4
8.5199999999998628 4
8.5299999999998626 4
8.5399999999998624 4
8.5499999999998622 4
8.5599999999998619 4
8.5699999999998617 4
8.5799999999998615 4
8.5899999999998613 4
8.5999999999998611 4
8.6099999999998609 4
8.6199999999998607 4
8.6299999999998604 4
8.6399999999998602 4
8.64999999999986 4
8.6599999999998598 4
8.6699999999998596 5
8.6799999999998594 5
8.6899999999998592 5
8.699999999999859 5
8.7099999999998587 5
8.7199999999998585 5
8.7299999999998583 5
8.7399999999998581 5
8.7499999999998579 5
8.7599999999998577 5
8.7699999999998575 5
8.7799999999998573 5
8.789999999999857 5
8.7999999999998568 5
8.8099999999998566 5
8.8199999999998564 5
8.8299999999998562 5
8.839999999999856 5
8.8499999999998558 5
8.8599999999998555 5
8.8699999999998553 5
8.8799999999998551 5
8.8899999999998549 5
8.8999999999998547 5
8.9099999999998545 5
8.9199999999998543 5
8.9299999999998541 5
8.9399999999998538 5
8.9499999999998536 5
8.9599999999998534 5
8.9699999999998532 5
8.979999999999853 5
8.9899999999998528 5
8.9999999999998526 5
9.0099999999998523 5
9.0199999999998521 5
9.0299999999998519 5
9.0399999999998517 5
9.0499999999998515 5
9.0599999999998513 5
9.0699999999998511 5
9.0799999999998509 5
9.0899999999998506 5
9.0999999999998504 5
9.1099999999998502 5
9.11999999999985 5
9.1299999999998498 5
9.1399999999998496 5
9.1499999999998494 5
9.1599999999998492 5
9.1699999999998489 5
9.1799999999998487 5
9.1899999999998485 5
9.1999999999998483 5
9.2099999999998481 5
9.2199999999998479 5
9.2299999999998477 5
9.2399999999998474 5
9.2499999999998472 5
9.259999999999847 5
9.2699999999998468 5
9.2799999999998466 5
9.2899999999998464 5
9.2999999999998462 5
9.309999999999846 5
9.3199999999998457 5
9.3299999999998455 5
9.3399999999998453 5
9.3499999999998451 5
9.3599999999998449 5
9.3699999999998447 5
9.3799999999998445 5
9.3899999999998442 5
9.399999999999844 5
9.4099999999998438 5
9.4199999999998436 5
9.4299999999998434 5
9.4399999999998432 5
9.449999999999843 5
9.4599999999998428 5
9.4699999999998425 5
9.4799999999998423 4
9.4899999999998421 4
9.4999999999998419 4
9.5099999999998417 4
9.5199999999998415 4
9.5299999999998413 4
9.5399999999998411 4
9.5499999999998408 4
9.5599999999998406 4
9.5699999999998404 4
9.5799999999998402 4
9.58999999999984 4
9.5999999999998398 4
9.6099999999998396 4
9.6199999999998393 4
9.6299999999998391 4
9.6399999999998389 4
9.6499999999998387 4
9.6599999999998385 4
9.6699999999998383 4
9.6799999999998381 4
9.6899999999998379 4
9.6999999999998376 4
9.7099999999998374 3
9.7199999999998372 3
9.729999999999837 3
9.7399999999998368 3
9.7499999999998366 3
9.7599999999998364 3
9.7699999999998361 3
9.7799999999998359 3
9.7899999999998357 3
9.7999999999998355 3
9.8099999999998353 3
9.8199999999998351 4
9.8299999999998349 4
9.8399999999998347 4
9.8499999999998344 4
9.8599999999998342 4
9.869999999999834 4
9.8799999999998338 4
9.8899999999998336 4
9.8999999999998334 4
9.9099999999998332 4
9.919999999999833 4
9.9299999999998327 4
9.9399999999998325 3
9.9499999999998323 3
9.9599999999998321 3
9.9699999999998319 3
9.9799999999998317 3
9.9899999999998315 3
9.9999999999998312 3
10.009999999999831 3
10.019999999999831 3
10.029999999999831 3
10.03999999999983 3
10.04999999999983 3
10.05999999999983 3
10.06999999999983 3
10.07999999999983 3
10.089999999999829 3
10.099999999999829 3
10.109999999999829 3
10.119999999999829 3
10.129999999999828 3
10.139999999999828 3
10.149999999999828 3
10.159999999999828 3
10.169999999999828 3
10.179999999999827 4
10.189999999999827 4
10.199999999999827 4
10.209999999999827 4
10.219999999999827 4
10.229999999999826 4
10.239999999999826 4
10.249999999999826 4
10.259999999999826 4
10.269999999999825 4
10.279999999999825 4
10.289999999999825 4
10.299999999999825 4
10.309999999999825 4
10.319999999999824 4
10.329999999999824 4
10.339999999999824 4
10.349999999999824 4
10.359999999999824 4
10.369999999999823 4
10.379999999999823 4
10.389999999999823 4
10.399999999999823 4
10.409999999999823 4
10.419999999999822 4
10.429999999999822 3
10.439999999999822 3
10.449999999999822 3
10.459999999999821 3
10.469999999999821 3
10.479999999999821 3
10.489999999999821 3
10.499999999999821 3
10.50999999999982 3
10.51999999999982 3
10.52999999999982 3
10.53999999999982 3
10.54999999999982 3
10.559999999999819 5
10.569999999999819 5
10.579999999999819 5
10.589999999999819 5
10.599999999999818 5
10.609999999999818 5
10.619999999999818 5
10.629999999999818 5
10.639999999999818 5
10.649999999999817 5
10.659999999999817 5
10.669999999999817 5
10.679999999999817 5
10.689999999999817 5
10.699999999999816 5
10.709999999999816 5
10.719999999999816 5
10.729999999999816 5
10.739999999999815 5
10.749999999999815 5
10.759999999999815 5
10.769999999999815 5
10.779999999999815 5
10.789999999999814 5
10.799999999999814 5
10.809999999999814 5
10.819999999999814 5
10.829999999999814 5
10.839999999999813 5
10.849999999999813 5
10.859999999999813 5
10.869999999999813 5
10.879999999999812 5
10.889999999999812 5
10.899999999999812 5
10.909999999999812 5
10.919999999999812 5
10.929999999999811 5
10.939999999999811 5
10.949999999999811 5
10.959999999999811 5
10.969999999999811 5
10.97999999999981 5
10.98999999999981 5
10.99999999999981 5
11.00999999999981 5
11.01999999999981 5
11.029999999999809 5
11.039999999999809 5
11.049999999999809 5
11.059999999999809 5
11.069999999999808 5
11.079999999999808 5
11.089999999999808 5
11.099999999999808 5
11.109999999999808 5
11.119999999999807 5
11.129999999999807 5
11.139999999999807 5
11.149999999999807 5
11.159999999999807 5
11.169999999999806 5
11.179999999999806 5
11.189999999999806 4
11.199999999999806 4
11.209999999999805 4
11.219999999999805 4
11.229999999999805 4
11.239999999999805 4
11.249999999999805 4
11.259999999999804 4
11.269999999999804 4
11.279999999999804 4
11.289999999999804 4
11.299999999999804 4
11.309999999999803 3
11.319999999999803 3
11.329999999999803 3
11.339999999999803 3
11.349999999999802 3
11.359999999999802 3
11.369999999999802 3
11.379999999999802 3
11.389999999999802 3
11.399999999999801 3
11.409999999999801 3
11.419999999999801 4
11.429999999999801 4
11.439999999999801 4
11.4499999999998 4
11.4599999999998 4
11.4699999999998 4
11.4799999999998 4
11.489999999999799 4
11.499999999999799 4
11.509999999999799 4
11.519999999999799 4
11.529999999999799 4
11.539999999999798 3
11.549999999999798 3
11.559999999999798 3
11.569999999999798 3
11.579999999999798 3
11.589999999999797 3
11.599999999999797 3
11.609999999999797 3
11.619999999999797 3
11.629999999999797 3
11.639999999999796 3
11.649999999999796 3
11.659999999999796 4
11.669999999999796 4
11.679999999999795 4
11.689999999999795 4
11.699999999999795 4
11.709999999999795 4
11.719999999999795 4
11.729999999999794 4
11.739999999999794 4
11.749999999999794 4
11.759999999999794 4
11.769999999999794 3
11.779999999999793 3
11.789999999999793 3
11.799999999999793 3
11.809999999999793 3
11.819999999999792 3
11.829999999999792 3
11.839999999999792 3
11.849999999999792 3
11.859999999999792 3
11.869999999999791 3
11.879999999999791 3
11.889999999999791 3
11.899999999999791 3
11.909999999999791 3
11.91999999999979 3
11.92999999999979 3
11.93999999999979 3
11.94999999999979 3
11.959999999999789 3
11.969999999999789 3
11.979999999999789 3
11.989999999999789 3
11.999999999999789 3
12.009999999999788 3
12.019999999999788 3
12.029999999999788 3
12.039999999999788 3
12.049999999999788 3
12.059999999999787 3
12.069999999999787 3
12.079999999999787 3
12.089999999999787 3
12.099999999999786 3
12.109999999999786 3
12.119999999999786 3
12.129999999999786 3
12.139999999999786 4
12.149999999999785 4
12.159999999999785 4
12.169999999999785 4
12.179999999999785 4
12.189999999999785 4
12.199999999999784 4
12.209999999999784 4
12.219999999999784 4
12.229999999999784 4
12.239999999999783 4
12.249999999999783 4
12.259999999999783 4
12.269999999999783 4
12.279999999999783 4
12.289999999999782 4
12.299999999999782 4
12.309999999999782 4
12.319999999999782 4
12.329999999999782 4
12.339999999999781 4
12.349999999999781 4
12.359999999999781 4
12.369999999999781 4
12.379999999999781 4
12.38999999999978 4
12.39999999999978 4
12.40999999999978 4
12.41999999999978 4
12.429999999999779 4
12.439999999999779 4
12.449999999999779 4
12.459999999999779 4
12.469999999999779 4
12.479999999999778 4
12.489999999999778 4
12.499999999999778 4
12.509999999999778 4
12.519999999999778 4
12.529999999999777 4
12.539999999999777 5
12.549999999999777 5
12.559999999999777 5
12.569999999999776 5
12.579999999999776 5
12.589999999999776 5
12.599999999999776 5
12.609999999999776 5
12.619999999999775 5
12.629999999999775 5
12.639999999999775 5
12.649999999999775 5
12.659999999999775 5
12.669999999999774 5
12.679999999999774 5
12.689999999999774 5
12.699999999999774 5
12.709999999999773 5
12.719999999999773 5
12.729999999999773 5
12.739999999999773 5
12.749999999999773 5
12.759999999999772 5
12.769999999999772 5
12.779999999999772 5
12.789999999999772 5
12.799999999999772 5
12.809999999999771 5
12.819999999999771 5
12.829999999999771 5
12.839999999999771 5
12.84999999999977 5
12.85999999999977 5
12.86999999999977 5
12.87999999999977 5
12.88999999999977 5
12.899999999999769 5
12.909999999999769 5
12.919999999999769 5
12.929999999999769 5
12.939999999999769 5
12.949999999999768 5
12.959999999999768 5
12.969999999999768 5
12.979999999999768 5
12.989999999999768 5
12.999999999999767 5
13.009999999999767 5
13.019999999999767 5
13.029999999999767 5
13.039999999999766 5
13.049999999999766 5
13.059999999999766 5
13.069999999999766 5
13.079999999999766 5
13.089999999999765 5
13.099999999999765 5
13.109999999999765 5
13.119999999999765 5
13.129999999999765 5
13.139999999999764 5
13.149999999999764 5
13.159999999999764 5
13.169999999999764 5
13.179999999999763 5
13.189999999999763 5
13.199999999999763 5
13.209999999999763 5
13.219999999999763 5
13.229999999999762 5
13.239999999999762 5
13.249999999999762 6
13.259999999999762 6
13.269999999999762 6
13.279999999999761 6
13.289999999999761 6
13.299999999999761 6
13.309999999999761 6
13.31999999999976 6
13.32999999999976 6
13.33999999999976 6
13.34999999999976 6
13.35999999999976 6
13.369999999999759 5
13.379999999999759 5
13.389999999999759 5
13.399999999999759 5
13.409999999999759 5
13.419999999999758 5
13.429999999999758 5
13.439999999999758 5
13.449999999999758 5
13.459999999999757 5
13.469999999999757 5
13.479999999999757 5
13.489999999999757 5
13.499999999999757 5
13.509999999999756 5
13.519999999999756 5
13.529999999999756 5
13.539999999999756 5
13.549999999999756 5
13.559999999999755 5
13.569999999999755 5
13.579999999999755 5
13.589999999999755 5
13.599999999999755 4
13.609999999999754 4
13.619999999999754 4
13.629999999999754 4
13.639999999999754 4
13.649999999999753 4
13.659999999999753 4
13.669999999999753 4
13.679999999999753 4
13.689999999999753 4
13.699999999999752 4
13.709999999999752 4
13.719999999999752 4
13.729999999999752 4
13.739999999999752 4
13.749999999999751 4
13.759999999999751 4
13.769999999999751 4
13.779999999999751 4
13.78999999999975 4
13.79999999999975 4
13.80999999999975 4
13.81999999999975 4
13.82999999999975 3
13.839999999999749 3
13.849999999999749 3
13.859999999999749 3
13.869999999999749 3
13.879999999999749 3
13.889999999999748 3
13.899999999999748 3
13.909999999999748 3
13.919999999999748 3
13.929999999999747 3
13.939999999999747 3
13.949999999999747 3
13.959999999999747 3
13.969999999999747 3
13.979999999999746 3
13.989999999999746 3
13.999999999999746 3
14.009999999999746 3
14.019999999999746 3
14.029999999999745 3
14.039999999999745 3
14.049999999999745 3
14.059999999999745 3
14.069999999999744 3
14.079999999999744 4
14.089999999999744 4
14.099999999999744 4
14.109999999999744 4
14.119999999999743 4
14.129999999999743 4
14.139999999999743 4
14.149999999999743 4
14.159999999999743 4
14.169999999999742 4
14.179999999999742 4
14.189999999999742 4
14.199999999999742 4
14.209999999999742 4
14.219999999999741 5
14.229999999999741 5
14.239999999999741 5
14.249999999999741 5
14.25999999999974 5
14.26999999999974 5
14.27999999999974 5
14.28999999999974 5
14.29999999999974 5
14.309999999999739 5
14.319999999999739 5
14.329999999999739 5
14.339999999999739 5
14.349999999999739 5
14.359999999999738 5
14.369999999999738 5
14.379999999999738 5
14.389999999999738 5
14.399999999999737 5
14.409999999999737 5
14.419999999999737 5
14.429999999999737 5
14.439999999999737 5
14.449999999999736 5
14.459999999999736 5
14.469999999999736 5
14.479999999999736 5
14.489999999999736 5
14.499999999999735 5
14.509999999999735 5
14.519999999999735 5
14.529999999999735 5
14.539999999999734 5
14.549999999999734 5
14.559999999999734 5
14.569999999999734 5
14.579999999999734 5
14.589999999999733 5
14.599999999999733 5
14.609999999999733 5
14.619999999999733 5
14.629999999999733 5
14.639999999999732 5
14.649999999999732 5
14.659999999999732 5
14.669999999999732 5
14.679999999999731 5
14.689999999999731 5
14.699999999999731 5
14.709999999999731 5
14.719999999999731 5
14.72999999999973 6
14.73999999999973 6
14.74999999999973 6
14.75999999999973 6
14.76999999999973 6
14.779999999999729 6
14.789999999999729 6
14.799999999999729 6
14.809999999999729 6
14.819999999999729 6
14.829999999999728 6
14.839999999999728 6
14.849999999999728 5
14.859999999999728 5
14.869999999999727 5
14.879999999999727 5
14.889999999999727 5
14.899999999999727 5
14.909999999999727 5
14.919999999999726 5
14.929999999999726 5
14.939999999999726 5
14.949999999999726 5
14.959999999999726 5
14.969999999999725 5
14.979999999999725 5
14.989999999999725 5
14.999999999999725 5
15.009999999999724 5
15.019999999999724 5
15.029999999999724 5
15.039999999999724 5
15.049999999999724 5
15.059999999999723 5
15.069999999999723 5
15.079999999999723 4
15.089999999999723 4
15.099999999999723 4
15.109999999999722 4
15.119999999999722 4
15.129999999999722 4
15.139999999999722 4
15.149999999999721 4
15.159999999999721 4
15.169999999999721 4
15.179999999999721 4
15.189999999999721 4
15.19999999999972 3
15.20999999999972 3
15.21999999999972 3
15.22999999999972 3
15.23999999999972 3
15.249999999999719 3
15.259999999999719 3
15.269999999999719 3
15.279999999999719 3
15.289999999999718 3
15.299999999999718 3
15.309999999999718 4
15.319999999999718 4
15.329999999999718 4
15.339999999999717 4
15.349999999999717 4
15.359999999999717 4
15.369999999999717 4
15.379999999999717 4
15.389999999999716 4
15.399999999999716 4
15.409999999999716 4
15.419999999999716 4
15.429999999999715 3
15.439999999999715 3
15.449999999999715 3
15.459999999999715 3
15.469999999999715 3
15.479999999999714 3
15.489999999999714 3
15.499999999999714 3
15.509999999999714 3
15.519999999999714 3
15.529999999999713 3
15.539999999999713 3
15.549999999999713 3
15.559999999999713 3
15.569999999999713 3
15.579999999999712 3
15.589999999999712 3
15.599999999999712 3
15.609999999999712 3
15.619999999999711 3
15.629999999999711 3
15.639999999999711 3
15.649999999999711 3
15.659999999999711 4
15.66999999999971 4
15.67999999999971 4
15.68999999999971 4
15.69999999999971 4
15.70999999999971 4
15.719999999999709 4
15.729999999999709 4
15.739999999999709 4
15.749999999999709 4
15.759999999999708 4
15.769999999999708 4
15.779999999999708 3
15.789999999999708 3
15.799999999999708 3
15.809999999999707 3
15.819999999999707 3
15.829999999999707 3
15.839999999999707 3
15.849999999999707 3
15.859999999999706 3
15.869999999999706 3
15.879999999999706 3
15.889999999999706 3
15.899999999999705 3
15.909999999999705 3
15.919999999999705 3
15.929999999999705 3
15.939999999999705 3
15.949999999999704 3
15.959999999999704 3
15.969999999999704 3
15.979999999999704 3
15.989999999999704 3
15.999999999999703 3
16.009999999999703 3
16.019999999999705 3
16.029999999999706 4
16.039999999999708 4
16.049999999999709 4
16.059999999999711 4
16.069999999999713 4
16.079999999999714 4
16.089999999999716 4
16.099999999999717 4
16.109999999999719 4
16.11999999999972 4
16.129999999999722 4
16.139999999999723 4
16.149999999999725 4
16.159999999999727 4
16.169999999999728 4
16.17999999999973 4
16.189999999999731 4
16.199999999999733 4
16.209999999999734 4
16.219999999999736 4
16.229999999999738 4
16.239999999999739 4
16.249999999999741 4
16.259999999999742 4
16.269999999999744 4
16.279999999999745 4
16.289999999999747 4
16.299999999999748 4
16.30999999999975 4
16.319999999999752 4
16.329999999999753 4
16.339999999999755 4
16.349999999999756 4
16.359999999999758 4
16.369999999999759 4
16.379999999999761 4
16.389999999999763 4
16.399999999999764 4
16.409999999999766 4
16.419999999999767 4
16.429999999999769 4
16.43999999999977 4
16.449999999999772 5
16.459999999999773 5
16.469999999999775 5
16.479999999999777 5
16.489999999999778 5
16.49999999999978 5
16.509999999999781 5
16.519999999999783 5
16.529999999999784 5
16.539999999999786 5
16.549999999999788 5
16.559999999999789 5
16.569999999999791 5
16.579999999999792 5
16.589999999999794 5
16.599999999999795 5
16.609999999999797 5
16.619999999999798 5
16.6299999999998 5
16.639999999999802 5
16.649999999999803 5
16.659999999999805 5
16.669999999999806 5
16.679999999999808 4
16.689999999999809 4
16.699999999999811 4
16.709999999999813 4
16.719999999999814 4
16.729999999999816 4
16.739999999999817 4
16.749999999999819 4
16.75999999999982 4
16.769999999999822 4
16.779999999999824 4
16.789999999999825 4
16.799999999999827 4
16.809999999999828 4
16.81999999999983 4
16.829999999999831 4
16.839999999999833 4
16.849999999999834 4
16.859999999999836 4
16.869999999999838 4
16.879999999999839 4
16.889999999999841 4
16.899999999999842 4
16.909999999999844 3
16.919999999999845 3
16.929999999999847 3
16.939999999999849 3
16.94999999999985 3
16.959999999999852 3
16.969999999999853 3
16.979999999999855 3
16.989999999999856 3
16.999999999999858 3
17.009999999999859 3
17.019999999999861 3
17.029999999999863 4
17.039999999999864 4
17.049999999999866 4
17.059999999999867 4
17.069999999999869 4
17.07999999999987 4
17.089999999999872 4
17.099999999999874 4
17.109999999999875 4
17.119999999999877 4
17.129999999999878 4
17.13999999999988 3
17.149999999999881 3
17.159999999999883 3
17.169999999999884 3
17.179999999999886 3
17.189999999999888 3
17.199999999999889 3
17.209999999999891 3
17.219999999999892 3
17.229999999999894 3
17.239999999999895 3
17.249999999999897 3
17.259999999999899 3
17.2699999999999 3
17.279999999999902 3
17.289999999999903 3
17.299999999999905 3
17.309999999999906 3
17.319999999999908 3
17.329999999999909 3
17.339999999999911 3
17.349999999999913 3
17.359999999999914 3
17.369999999999916 4
17.379999999999917 4
17.389999999999919 4
17.39999999999992 4
17.409999999999922 4
17.419999999999924 4
17.429999999999925 4
17.439999999999927 4
17.449999999999928 4
17.45999999999993 4
17.469999999999931 4
17.479999999999933 4
17.489999999999934 3
17.499999999999936 3
17.509999999999938 3
17.519999999999939 3
17.529999999999941 3
17.539999999999942 3
17.549999999999944 3
17.559999999999945 3
17.569999999999947 3
17.579999999999949 3
17.58999999999995 3
17.599999999999952 4
17.609999999999953 4
17.619999999999955 4
17.629999999999956 4
17.639999999999958 4
17.649999999999959 4
17.659999999999961 4
17.669999999999963 4
17.679999999999964 4
17.689999999999966 4
17.699999999999967 4
17.709999999999969 4
17.71999999999997 3
17.729999999999972 3
17.739999999999974 3
17.749999999999975 3
17.759999999999977 3
17.769999999999978 3
17.77999999999998 3
17.789999999999981 3
17.799999999999983 3
17.809999999999985 3
17.819999999999986 3
17.829999999999988 3
17.839999999999989 3
17.849999999999991 3
17.859999999999992 3
17.869999999999994 3
17.879999999999995 3
17.889999999999997 3
17.899999999999999 3
17.91 3
17.920000000000002 3
17.930000000000003 3
17.940000000000005 3
17.950000000000006 3
17.960000000000008 3
17.97000000000001 4
17.980000000000011 4
17.990000000000013 4
18.000000000000014 4
18.010000000000016 4
18.020000000000017 4
18.030000000000019 4
18.04000000000002 4
18.050000000000022 4
18.060000000000024 4
18.070000000000025 4
18.080000000000027 4
18.090000000000028 4
18.10000000000003 4
18.110000000000031 5
18.120000000000033 5
18.130000000000035 5
18.140000000000036 5
18.150000000000038 5
18.160000000000039 5
18.170000000000041 5
18.180000000000042 5
18.190000000000044 5
18.200000000000045 5
18.210000000000047 5
18.220000000000049 5
18.23000000000005 5
18.240000000000052 5
18.250000000000053 5
18.260000000000055 6
18.270000000000056 6
18.280000000000058 6
18.29000000000006 6
18.300000000000061 6
18.310000000000063 6
18.320000000000064 6
18.330000000000066 6
18.340000000000067 6
18.350000000000069 6
18.36000000000007 6
18.370000000000072 6
18.380000000000074 6
18.390000000000075 6
18.400000000000077 6
18.410000000000078 6
18.42000000000008 6
18.430000000000081 6
18.440000000000083 6
18.450000000000085 6
18.460000000000086 6
18.470000000000088 6
18.480000000000089 6
18.490000000000091 6
18.500000000000092 6
18.510000000000094 6
18.520000000000095 6
18.530000000000097 6
18.540000000000099 6
18.5500000000001 6
18.560000000000102 6
18.570000000000103 6
18.580000000000105 6
18.590000000000106 6
18.600000000000108 6
18.61000000000011 6
18.620000000000111 6
18.630000000000113 6
18.640000000000114 6
18.650000000000116 6
18.660000000000117 6
18.670000000000119 6
18.680000000000121 6
18.690000000000122 6
18.700000000000124 6
18.710000000000125 6
18.720000000000127 6
18.730000000000128 6
18.74000000000013 6
18.750000000000131 6
18.760000000000133 6
18.770000000000135 6
18.780000000000136 6
18.790000000000138 6
18.800000000000139 6
18.810000000000141 6
18.820000000000142 5
18.830000000000144 5
18.840000000000146 5
18.850000000000147 5
18.860000000000149 5
18.87000000000015 5
18.880000000000152 5
18.890000000000153 5
18.900000000000155 5
18.910000000000156 5
18.920000000000158 5
18.93000000000016 5
18.940000000000161 4
18.950000000000163 4
18.960000000000164 4
18.970000000000166 4
18.980000000000167 4
18.990000000000169 4
19.000000000000171 4
19.010000000000172 4
19.020000000000174 4
19.030000000000175 4
19.040000000000177 4
19.050000000000178 4
19.06000000000018 4
19.070000000000181 4
19.080000000000183 4
19.090000000000185 4
19.100000000000186 4
19.110000000000188 4
19.120000000000189 4
19.130000000000191 4
19.140000000000192 4
19.150000000000194 4
19.160000000000196 4
19.170000000000197 3
19.180000000000199 3
19.1900000000002 3
19.200000000000202 3
19.210000000000203 3
19.220000000000205 3
19.230000000000206 3
19.240000000000208 3
19.25000000000021 3
19.260000000000211 3
19.270000000000213 3
19.280000000000214 4
19.290000000000216 4
19.300000000000217 4
19.310000000000219 4
19.320000000000221 4
19.330000000000222 4
19.340000000000224 4
19.350000000000225 4
19.360000000000227 4
19.370000000000228 4
19.38000000000023 4
19.390000000000231 4
19.400000000000233 3
19.410000000000235 3
19.420000000000236 3
19.430000000000238 3
19.440000000000239 3
19.450000000000241 3
19.460000000000242 3
19.470000000000244 3
19.480000000000246 3
19.490000000000247 3
19.500000000000249 3
19.51000000000025 3
19.520000000000252 3
19.530000000000253 3
19.540000000000255 3
19.550000000000257 3
19.560000000000258 3
19.57000000000026 3
19.580000000000261 3
19.590000000000263 3
19.600000000000264 3
19.610000000000266 3
19.620000000000267 3
19.630000000000269 3
19.640000000000271 3
19.650000000000272 3
19.660000000000274 3
19.670000000000275 3
19.680000000000277 3
19.690000000000278 3
19.70000000000028 3
19.710000000000282 3
19.720000000000283 3
19.730000000000285 3
19.740000000000286 3
19.750000000000288 3
19.760000000000289 3
19.770000000000291 3
19.780000000000292 3
19.790000000000294 3
19.800000000000296 3
19.810000000000297 3
19.820000000000299 3
19.8300000000003 3
19.840000000000302 3
19.850000000000303 3
19.860000000000305 3
19.870000000000307 3
19.880000000000308 3
19.89000000000031 3
19.900000000000311 5
19.910000000000313 5
19.920000000000314 5
19.930000000000316 5
19.940000000000317 5
19.950000000000319 5
19.960000000000321 5
19.970000000000322 5
19.980000000000324 5
19.990000000000325 5
20.000000000000327 5
20.010000000000328 5
20.02000000000033 5
20.030000000000332 5
20.040000000000333 6
20.050000000000335 6
20.060000000000336 6
20.070000000000338 6
20.080000000000339 6
20.090000000000341 6
20.100000000000342 6
20.110000000000344 6
20.120000000000346 6
20.130000000000347 6
20.140000000000349 6
20.15000000000035 6
20.160000000000352 6
20.170000000000353 6
20.180000000000355 6
20.190000000000357 6
20.200000000000358 6
20.21000000000036 6
20.220000000000361 6
20.230000000000363 6
20.240000000000364 6
20.250000000000366 6
20.260000000000367 6
20.270000000000369 6
20.280000000000371 6
20.290000000000372 6
20.300000000000374 6
20.310000000000375 6
20.320000000000377 6
20.330000000000378 6
20.34000000000038 6
20.350000000000382 6
20.360000000000383 6
20.370000000000385 6
20.380000000000386 6
20.390000000000388 6
20.400000000000389 6
20.410000000000391 6
20.420000000000393 6
20.430000000000394 6
20.440000000000396 6
20.450000000000397 6
20.460000000000399 6
20.4700000000004 6
20.480000000000402 6
20.490000000000403 6
20.500000000000405 6
20.510000000000407 6
20.520000000000408 6
20.53000000000041 6
20.540000000000411 6
20.550000000000413 6
20.560000000000414 6
20.570000000000416 6
20.580000000000418 6
20.590000000000419 6
20.600000000000421 6
20.610000000000422 6
20.620000000000424 6
20.630000000000425 6
20.640000000000427 6
20.650000000000428 6
20.66000000000043 6
20.670000000000432 6
20.680000000000433 6
20.690000000000435 6
20.700000000000436 6
20.710000000000438 6
20.720000000000439 6
20.730000000000441 6
20.740000000000443 6
20.750000000000444 6
20.760000000000446 6
20.770000000000447 6
20.780000000000449 6
20.79000000000045 6
20.800000000000452 6
20.810000000000453 6
20.820000000000455 6
20.830000000000457 6
20.840000000000458 6
20.85000000000046 6
20.860000000000461 6
20.870000000000463 6
20.880000000000464 6
20.890000000000466 6
20.900000000000468 6
20.910000000000469 6
20.920000000000471 6
20.930000000000472 6
20.940000000000474 6
20.950000000000475 6
20.960000000000477 6
20.970000000000478 6
20.98000000000048 6
20.990000000000482 6
21.000000000000483 6
21.010000000000485 6
21.020000000000486 6
21.030000000000488 6
21.040000000000489 6
21.050000000000491 6
21.060000000000493 6
21.070000000000494 6
21.080000000000496 7
21.090000000000497 7
21.100000000000499 7
21.1100000000005 7
21.120000000000502 7
21.130000000000503 7
21.140000000000505 7
21.150000000000507 7
21.160000000000508 7
21.17000000000051 7
21.180000000000511 7
21.190000000000513 7
21.200000000000514 6
21.210000000000516 6
21.220000000000518 6
21.230000000000519 6
21.240000000000521 6
21.250000000000522 6
21.260000000000524 6
21.270000000000525 6
21.280000000000527 6
21.290000000000529 6
21.30000000000053 6
21.310000000000532 6
21.320000000000533 5
21.330000000000535 5
21.340000000000536 5
21.350000000000538 5
21.360000000000539 5
21.370000000000541 5
21.380000000000543 5
21.390000000000544 5
21.400000000000546 5
21.410000000000547 5
21.420000000000549 5
21.43000000000055 5
21.440000000000552 4
21.450000000000554 4
21.460000000000555 4
21.470000000000557 4
21.480000000000558 4
21.49000000000056 4
21.500000000000561 4
21.510000000000563 4
21.520000000000564 4
21.530000000000566 4
21.540000000000568 4
21.550000000000569 4
21.560000000000571 4
21.570000000000572 4
21.580000000000574 4
21.590000000000575 4
21.600000000000577 4
21.610000000000579 4
21.62000000000058 4
21.630000000000582 4
21.640000000000583 4
21.650000000000585 4
21.660000000000586 4
21.670000000000588 4
21.680000000000589 3
21.690000000000591 3
21.700000000000593 3
21.710000000000594 3
21.720000000000596 3
21.730000000000597 3
21.740000000000599 3
21.7500000000006 3
21.760000000000602 3
21.770000000000604 3
21.780000000000605 3
21.790000000000607 3
21.800000000000608 4
21.81000000000061 4
21.820000000000611 4
21.830000000000613 4
21.840000000000614 4
21.850000000000616 4
21.860000000000618 4
21.870000000000619 4
21.880000000000621 4
21.890000000000622 4
21.900000000000624 4
21.910000000000625 4
21.920000000000627 4
21.930000000000629 4
21.94000000000063 4
21.950000000000632 4
21.960000000000633 4
21.970000000000635 4
21.980000000000636 4
21.990000000000638 4
22.000000000000639 4
22.010000000000641 4
22.020000000000643 4
22.030000000000644 4
22.040000000000646 4
22.050000000000647 4
22.060000000000649 4
22.07000000000065 4
22.080000000000652 4
22.090000000000654 4
22.100000000000655 4
22.110000000000657 4
22.120000000000658 4
22.13000000000066 4
22.140000000000661 4
22.150000000000663 4
22.160000000000664 4
22.170000000000666 4
22.180000000000668 4
22.190000000000669 4
22.200000000000671 4
22.210000000000672 5
22.220000000000674 5
22.230000000000675 5
22.240000000000677 5
22.250000000000679 5
22.26000000000068 5
22.270000000000682 5
22.280000000000683 5
22.290000000000685 5
22.300000000000686 5
22.310000000000688 5
22.32000000000069 5
22.330000000000691 5
22.340000000000693 4
22.350000000000694 4
22.360000000000696 4
22.370000000000697 4
22.380000000000699 4
22.3900000000007 4
22.400000000000702 4
22.410000000000704 4
22.420000000000705 4
22.430000000000707 4
22.440000000000708 4
22.45000000000071 4
22.460000000000711 4
22.470000000000713 4
22.480000000000715 4
22.490000000000716 4
22.500000000000718 4
22.510000000000719 4
22.520000000000721 4
22.530000000000722 4
22.540000000000724 4
22.550000000000725 4
22.560000000000727 4
22.570000000000729 5
22.58000000000073 5
22.590000000000732 5
22.600000000000733 5
22.610000000000735 5
22.620000000000736 5
22.630000000000738 5
22.64000000000074 5
22.650000000000741 5
22.660000000000743 5
22.670000000000744 5
22.680000000000746 5
22.690000000000747 5
22.700000000000749 5
22.71000000000075 5
22.720000000000752 5
22.730000000000754 5
22.740000000000755 5
22.750000000000757 5
22.760000000000758 5
22.77000000000076 5
22.780000000000761 5
22.790000000000763 5
22.800000000000765 5
22.810000000000766 5
22.820000000000768 5
22.830000000000769 5
22.840000000000771 5
22.850000000000772 5
22.860000000000774 5
22.870000000000775 5
22.880000000000777 5
22.890000000000779 5
22.90000000000078 5
22.910000000000782 5
22.920000000000783 4
22.930000000000785 4
22.940000000000786 4
22.950000000000788 4
22.96000000000079 4
22.970000000000791 4
22.980000000000793 4
22.990000000000794 4
23.000000000000796 4
23.010000000000797 4
23.020000000000799 4
23.0300000000008 4
23.040000000000802 4
23.050000000000804 4
23.060000000000805 4
23.070000000000807 4
23.080000000000808 4
23.09000000000081 4
23.100000000000811 4
23.110000000000813 4
23.120000000000815 4
23.130000000000816 4
23.140000000000818 4
23.150000000000819 3
23.160000000000821 3
23.170000000000822 3
23.180000000000824 3
23.190000000000826 3
23.200000000000827 3
23.210000000000829 3
23.22000000000083 3
23.230000000000832 3
23.240000000000833 3
23.250000000000835 3
23.260000000000836 3
23.270000000000838 3
23.28000000000084 3
23.290000000000841 3
23.300000000000843 3
23.310000000000844 3
23.320000000000846 3
23.330000000000847 3
23.340000000000849 3
23.350000000000851 3
23.360000000000852 3
23.370000000000854 3
23.380000000000855 3
23.390000000000857 4
23.400000000000858 4
23.41000000000086 4
23.420000000000861 4
23.430000000000863 4
23.440000000000865 4
23.450000000000866 4
23.460000000000868 4
23.470000000000869 4
23.480000000000871 4
23.490000000000872 4
23.500000000000874 3
23.510000000000876 3
23.520000000000877 3
23.530000000000879 3
23.54000000000088 3
23.550000000000882 3
23.560000000000883 3
23.570000000000885 3
23.580000000000886 3
23.590000000000888 3
23.60000000000089 3
23.610000000000891 3
23.620000000000893 3
23.630000000000894 3
23.640000000000896 3
23.650000000000897 3
23.660000000000899 3
23.670000000000901 3
23.680000000000902 3
23.690000000000904 3
23.700000000000905 3
23.710000000000907 3
23.720000000000908 3
23.73000000000091 3
23.740000000000911 3
23.750000000000913 3
23.760000000000915 3
23.770000000000916 3
23.780000000000918 3
23.790000000000919 3
23.800000000000921 3
23.810000000000922 3
23.820000000000924 3
23.830000000000926 3
23.840000000000927 3
23.850000000000929 3
23.86000000000093 3
23.870000000000932 3
23.880000000000933 3
23.890000000000935 3
23.900000000000936 3
23.910000000000938 3
23.92000000000094 3
23.930000000000941 3
23.940000000000943 3
23.950000000000944 3
23.960000000000946 3
23.970000000000947 3
23.980000000000949 3
23.990000000000951 3
24.000000000000952 5
24.010000000000954 5
24.020000000000955 5
24.030000000000957 5
24.040000000000958 5
24.05000000000096 5
24.060000000000962 5
24.070000000000963 5
24.080000000000965 5
24.090000000000966 5
24.100000000000968 5
24.110000000000969 5
24.120000000000971 5
24.130000000000972 5
24.140000000000974 6
24.150000000000976 6
24.160000000000977 6
24.170000000000979 6
24.18000000000098 6
24.190000000000982 6
24.200000000000983 6
24.210000000000985 6
24.220000000000987 6
24.230000000000988 6
24.24000000000099 6
24.250000000000991 6
24.260000000000993 6
24.270000000000994 6
24.280000000000996 6
24.290000000000997 6
24.300000000000999 6
24.310000000001001 6
24.320000000001002 6
24.330000000001004 6
24.340000000001005 6
24.350000000001007 6
24.360000000001008 6
24.37000000000101 6
24.380000000001012 6
24.390000000001013 6
24.400000000001015 6
24.410000000001016 6
24.420000000001018 6
24.430000000001019 6
24.440000000001021 6
24.450000000001022 6
24.460000000001024 6
24.470000000001026 6
24.480000000001027 6
24.490000000001029 6
24.50000000000103 6
24.510000000001032 6
24.520000000001033 6
24.530000000001035 6
24.540000000001037 6
24.550000000001038 6
24.56000000000104 6
24.570000000001041 6
24.580000000001043 6
24.590000000001044 6
24.600000000001046 6
24.610000000001047 6
24.620000000001049 6
24.630000000001051 6
24.640000000001052 6
24.650000000001054 6
24.660000000001055 6
24.670000000001057 6
24.680000000001058 6
24.69000000000106 6
24.700000000001062 6
24.710000000001063 6
24.720000000001065 6
24.730000000001066 6
24.740000000001068 6
24.750000000001069 6
24.760000000001071 6
24.770000000001072 6
24.780000000001074 6
24.790000000001076 6
24.800000000001077 6
24.810000000001079 6
24.82000000000108 6
24.830000000001082 6
24.840000000001083 7
24.850000000001085 7
24.860000000001087 7
24.870000000001088 7
24.88000000000109 7
24.890000000001091 7
24.900000000001093 7
24.910000000001094 7
24.920000000001096 7
24.930000000001098 7
24.940000000001099 7
24.950000000001101 6
24.960000000001102 6
24.970000000001104 6
24.980000000001105 6
24.990000000001107 6
