1 16.0625
1.01 16.0625
1.02 16.0625
1.03 16.0625
1.04 16.0625
1.05 16.0625
1.0600000000000001 16.0625
1.0700000000000001 16.0625
1.0800000000000001 16.0625
1.0900000000000001 16.0625
1.1000000000000001 16.0625
1.1100000000000001 16.0625
1.1200000000000001 16.0625
1.1300000000000001 16.0625
1.1400000000000001 16.0625
1.1500000000000001 16.0625
1.1600000000000001 16.0625
1.1700000000000002 16.0625
1.1800000000000002 16.0625
1.1900000000000002 16.0625
1.2000000000000002 16.0625
1.2100000000000002 16.0625
1.2200000000000002 1
1.2300000000000002 1
1.2400000000000002 1
1.2500000000000002 1
1.2600000000000002 1
1.2700000000000002 1
1.2800000000000002 1
1.2900000000000003 1
1.3000000000000003 1
1.3100000000000003 1
1.3200000000000003 1
1.3300000000000003 1
1.3400000000000003 2
1.3500000000000003 2
1.3600000000000003 2
1.3700000000000003 2
1.3800000000000003 2
1.3900000000000003 2
1.4000000000000004 2
1.4100000000000004 2
1.4200000000000004 2
1.4300000000000004 2
1.4400000000000004 2
1.4500000000000004 2
1.4600000000000004 4
1.4700000000000004 4
1.4800000000000004 4
1.4900000000000004 4
1.5000000000000004 4
1.5100000000000005 4
1.5200000000000005 4
1.5300000000000005 4
1.5400000000000005 4
1.5500000000000005 4
1.5600000000000005 4
1.5700000000000005 8
1.5800000000000005 8
1.5900000000000005 8
1.6000000000000005 8
1.6100000000000005 8
1.6200000000000006 8
1.6300000000000006 8
1.6400000000000006 8
1.6500000000000006 8
1.6600000000000006 8
1.6700000000000006 8
1.6800000000000006 8
1.6900000000000006 8.36932
1.7000000000000006 8.95059
1.7100000000000006 8.95059
1.7200000000000006 8.95059
1.7300000000000006 8.95059
1.7400000000000007 8.95059
1.7500000000000007 8.95059
1.7600000000000007 8.95059
1.7700000000000007 8.95059
1.7800000000000007 8.95059
1.7900000000000007 8.95059
1.8000000000000007 8.95059
1.8100000000000007 8.95059
1.8200000000000007 9.38942
1.8300000000000007 9.38942
1.8400000000000007 9.38942
1.8500000000000008 9.38942
1.8600000000000008 9.38942
1.8700000000000008 9.38942
1.8800000000000008 9.38942
1.8900000000000008 9.38942
1.9000000000000008 9.38942
1.9100000000000008 9.38942
1.9200000000000008 9.38942
1.9300000000000008 9.60123
1.9400000000000008 10.1112
1.9500000000000008 10.1112
1.9600000000000009 10.1112
1.9700000000000009 10.1112
1.9800000000000009 10.1112
1.9900000000000009 10.1112
2.0000000000000009 10.1112
2.0100000000000007 10.1112
2.0200000000000005 10.1112
2.0300000000000002 10.1112
2.04 10.1112
2.0499999999999998 11.0601
2.0599999999999996 11.0601
2.0699999999999994 11.0601
2.0799999999999992 11.0601
2.089999999999999 11.0601
2.0999999999999988 11.0601
2.1099999999999985 11.0601
2.1199999999999983 11.0601
2.1299999999999981 11.0601
2.1399999999999979 11.0601
2.1499999999999977 11.0601
2.1599999999999975 11.0601
2.1699999999999973 12.017
2.1799999999999971 12.017
2.1899999999999968 12.017
2.1999999999999966 12.017
2.2099999999999964 12.017
2.2199999999999962 12.017
2.229999999999996 12.017
2.2399999999999958 12.017
2.2499999999999956 12.017
2.2599999999999953 12.017
2.2699999999999951 12.017
2.2799999999999949 12.265
2.2899999999999947 12.9802
2.2999999999999945 12.9802
2.3099999999999943 12.9802
2.3199999999999941 12.9802
2.3299999999999939 12.9802
2.3399999999999936 12.9802
2.3499999999999934 12.9802
2.3599999999999932 12.9802
2.369999999999993 12.9802
2.3799999999999928 12.9802
2.3899999999999926 12.9802
2.3999999999999924 13.5843
2.4099999999999921 13.8764
2.4199999999999919 13.8764
2.4299999999999917 13.8764
2.4399999999999915 13.8764
2.4499999999999913 13.8764
2.4599999999999911 13.8764
2.4699999999999909 13.8764
2.4799999999999907 13.8764
2.4899999999999904 13.8764
2.4999999999999902 13.8764
2.50999999999999 13.8764
2.5199999999999898 14.7857
2.5299999999999896 14.7857
2.5399999999999894 14.7857
2.5499999999999892 14.7857
2.559999999999989 14.7857
2.5699999999999887 14.7857
2.5799999999999885 14.7857
2.5899999999999883 14.7857
2.5999999999999881 14.7857
2.6099999999999879 14.7857
2.6199999999999877 14.7857
2.6299999999999875 14.7857
2.6399999999999872 15.706
2.649999999999987 15.706
2.6599999999999868 15.706
2.6699999999999866 15.706
2.6799999999999864 15.706
2.6899999999999862 15.706
2.699999999999986 15.706
2.7099999999999858 15.706
2.7199999999999855 15.706
2.7299999999999853 15.706
2.7399999999999851 15.706
2.7499999999999849 15.706
2.7599999999999847 16.6354
2.7699999999999845 16.6354
2.7799999999999843 16.6354
2.789999999999984 16.6354
2.7999999999999838 16.6354
2.8099999999999836 16.6354
2.8199999999999834 16.6354
2.8299999999999832 16.6354
2.839999999999983 16.6354
2.8499999999999828 16.6354
2.8599999999999826 16.6354
2.8699999999999823 16.6354
2.8799999999999821 17.1688
2.8899999999999819 17.5724
2.8999999999999817 17.5724
2.9099999999999815 17.5724
2.9199999999999813 17.5724
2.9299999999999811 17.5724
2.9399999999999809 17.5724
2.9499999999999806 17.5724
2.9599999999999804 17.5724
2.9699999999999802 17.5724
2.97999999999998 17.5724
2.9899999999999798 17.5724
2.9999999999999796 17.5724
3.0099999999999794 17.5724
3.0199999999999791 18.516
3.0299999999999789 18.516
3.0399999999999787 18.516
3.0499999999999785 18.516
3.0599999999999783 18.516
3.0699999999999781 18.516
3.0799999999999779 18.516
3.0899999999999777 18.516
3.0999999999999774 18.516
3.1099999999999772 18.516
3.119999999999977 18.516
3.1299999999999768 18.516
3.1399999999999766 18.516
3.1499999999999764 18.516
3.1599999999999762 19.4652
3.1699999999999759 19.4652
3.1799999999999757 19.4652
3.1899999999999755 19.4652
3.1999999999999753 19.4652
3.2099999999999751 19.4652
3.2199999999999749 19.4652
3.2299999999999747 19.4652
3.2399999999999745 19.4652
3.2499999999999742 19.4652
3.259999999999974 19.4652
3.2699999999999738 19.4652
3.2799999999999736 19.4652
3.2899999999999734 19.4652
3.2999999999999732 19.4652
3.309999999999973 20.4191
3.3199999999999728 20.4191
3.3299999999999725 20.4191
3.3399999999999723 20.4191
3.3499999999999721 20.4191
3.3599999999999719 20.4191
3.3699999999999717 20.4191
3.3799999999999715 20.4191
3.3899999999999713 20.4191
3.399999999999971 20.4191
3.4099999999999708 20.4191
3.4199999999999706 20.4191
3.4299999999999704 20.4191
3.4399999999999702 20.4191
3.44999999999997 20.4191
3.4599999999999698 10.234
3.4699999999999696 10.234
3.4799999999999693 10.234
3.4899999999999691 10.234
3.4999999999999689 10.234
3.5099999999999687 10.234
3.5199999999999685 10.234
3.5299999999999683 10.234
3.5399999999999681 10.234
3.5499999999999678 10.234
3.5599999999999676 10.234
3.5699999999999674 10.234
3.5799999999999672 10.234
3.589999999999967 10.3318
3.5999999999999668 10.3318
3.6099999999999666 10.3318
3.6199999999999664 10.3318
3.6299999999999661 10.3318
3.6399999999999659 10.3318
3.6499999999999657 10.3318
3.6599999999999655 10.3318
3.6699999999999653 10.3318
3.6799999999999651 10.3318
3.6899999999999649 10.3318
3.6999999999999647 10.3318
3.7099999999999644 10.3318
3.7199999999999642 10.3318
3.729999999999964 10.3318
3.7399999999999638 10.3318
3.7499999999999636 10.3318
3.7599999999999634 10.3318
3.7699999999999632 10.3318
3.7799999999999629 10.3318
3.7899999999999627 1
3.7999999999999625 1
3.8099999999999623 1
3.8199999999999621 1
3.8299999999999619 1
3.8399999999999617 1
3.8499999999999615 1
3.8599999999999612 1
3.869999999999961 1
3.8799999999999608 1
3.8899999999999606 1
3.8999999999999604 2
3.9099999999999602 2
3.91999999999996 2
3.9299999999999597 2
3.9399999999999595 2
3.9499999999999593 2
3.9599999999999591 2
3.9699999999999589 2
3.9799999999999587 2
3.9899999999999585 2
3.9999999999999583 2
4.009999999999958 2
4.0199999999999578 3
4.0299999999999576 3
4.0399999999999574 3
4.0499999999999572 3
4.059999999999957 3
4.0699999999999568 3
4.0799999999999566 3
4.0899999999999563 3
4.0999999999999561 3
4.1099999999999559 3
4.1199999999999557 3
4.1299999999999555 5.39231
4.1399999999999553 5.39231
4.1499999999999551 5.39231
4.1599999999999548 5.39231
4.1699999999999546 5.39231
4.1799999999999544 5.39231
4.1899999999999542 5.39231
4.199999999999954 5.39231
4.2099999999999538 5.39231
4.2199999999999536 5.39231
4.2299999999999534 5.39231
4.2399999999999531 5.39231
4.2499999999999529 6.26331
4.2599999999999527 6.26331
4.2699999999999525 6.26331
4.2799999999999523 6.26331
4.2899999999999521 6.26331
4.2999999999999519 6.26331
4.3099999999999516 6.26331
4.3199999999999514 6.26331
4.3299999999999512 6.26331
4.339999999999951 6.26331
4.3499999999999508 6.26331
4.3599999999999506 6.42297
4.3699999999999504 7.16696
4.3799999999999502 7.16696
4.3899999999999499 7.16696
4.3999999999999497 7.16696
4.4099999999999495 7.16696
4.4199999999999493 7.16696
4.4299999999999491 7.16696
4.4399999999999489 7.16696
4.4499999999999487 7.16696
4.4599999999999485 7.16696
4.4699999999999482 7.16696
4.479999999999948 8.09245
4.4899999999999478 8.09245
4.4999999999999476 8.09245
4.5099999999999474 8.09245
4.5199999999999472 8.09245
4.529999999999947 8.09245
4.5399999999999467 8.09245
4.5499999999999465 8.09245
4.5599999999999463 8.09245
4.5699999999999461 8.09245
4.5799999999999459 8.09245
4.5899999999999457 8.09245
4.5999999999999455 9.03319
4.6099999999999453 9.03319
4.619999999999945 9.03319
4.6299999999999448 9.03319
4.6399999999999446 9.03319
4.6499999999999444 9.03319
4.6599999999999442 9.03319
4.669999999999944 9.03319
4.6799999999999438 9.03319
4.6899999999999435 9.03319
4.6999999999999433 9.03319
4.7099999999999431 9.67822
4.7199999999999429 9.98495
4.7299999999999427 9.98495
4.7399999999999425 9.98495
4.7499999999999423 9.98495
4.7599999999999421 9.98495
4.7699999999999418 9.98495
4.7799999999999416 9.98495
4.7899999999999414 9.98495
4.7999999999999412 9.98495
4.809999999999941 9.98495
4.8199999999999408 9.98495
4.8299999999999406 10.8528
4.8399999999999403 10.8528
4.8499999999999401 10.8528
4.8599999999999399 10.8528
4.8699999999999397 10.8528
4.8799999999999395 10.8528
4.8899999999999393 10.8528
4.8999999999999391 10.8528
4.9099999999999389 10.8528
4.9199999999999386 10.8528
4.9299999999999384 10.8528
4.9399999999999382 10.8528
4.949999999999938 11.7415
4.9599999999999378 11.7415
4.9699999999999376 11.7415
4.9799999999999374 11.7415
4.9899999999999372 11.7415
4.9999999999999369 11.7415
5.0099999999999367 11.7415
5.0199999999999365 11.7415
5.0299999999999363 11.7415
5.0399999999999361 11.7415
5.0499999999999359 11.7415
5.0599999999999357 12.3252
5.0699999999999354 12.6466
5.0799999999999352 12.6466
5.089999999999935 12.6466
5.0999999999999348 12.6466
5.1099999999999346 12.6466
5.1199999999999344 12.6466
5.1299999999999342 12.6466
5.139999999999934 12.6466
5.1499999999999337 12.6466
5.1599999999999335 12.6466
5.1699999999999333 12.6466
5.1799999999999331 13.5649
5.1899999999999329 13.5649
5.1999999999999327 13.5649
5.2099999999999325 13.5649
5.2199999999999322 13.5649
5.229999999999932 13.5649
5.2399999999999318 13.5649
5.2499999999999316 13.5649
5.2599999999999314 13.5649
5.2699999999999312 13.5649
5.279999999999931 13.5649
5.2899999999999308 13.5649
5.2999999999999305 14.4939
5.3099999999999303 14.4939
5.3199999999999301 14.4939
5.3299999999999299 14.4939
5.3399999999999297 14.4939
5.3499999999999295 14.4939
5.3599999999999293 14.4939
5.3699999999999291 14.4939
5.3799999999999288 14.4939
5.3899999999999286 14.4939
5.3999999999999284 14.4939
5.4099999999999282 14.4939
5.419999999999928 15.3666
5.4299999999999278 15.4317
5.4399999999999276 15.4317
5.4499999999999273 15.4317
5.4599999999999271 15.4317
5.4699999999999269 15.4317
5.4799999999999267 15.4317
5.4899999999999265 15.4317
5.4999999999999263 15.4317
5.5099999999999261 15.4317
5.5199999999999259 15.4317
5.5299999999999256 15.4317
5.5399999999999254 15.4317
5.5499999999999252 16.1301
5.559999999999925 16.3767
5.5699999999999248 16.3767
5.5799999999999246 16.3767
5.5899999999999244 16.3767
5.5999999999999241 16.3767
5.6099999999999239 16.3767
5.6199999999999237 16.3767
5.6299999999999235 16.3767
5.6399999999999233 16.3767
5.6499999999999231 16.3767
5.6599999999999229 16.3767
5.6699999999999227 16.3767
5.6799999999999224 16.3767
5.6899999999999222 17.3278
5.699999999999922 17.3278
5.7099999999999218 17.3278
5.7199999999999216 17.3278
5.7299999999999214 17.3278
5.7399999999999212 17.3278
5.749999999999921 17.3278
5.7599999999999207 17.3278
5.7699999999999205 17.3278
5.7799999999999203 17.3278
5.7899999999999201 17.3278
5.7999999999999199 17.3278
5.8099999999999197 17.3278
5.8199999999999195 17.3278
5.8299999999999192 17.443
5.839999999999919 18.284
5.8499999999999188 18.284
5.8599999999999186 18.284
5.8699999999999184 18.284
5.8799999999999182 18.284
5.889999999999918 18.284
5.8999999999999178 18.284
5.9099999999999175 18.284
5.9199999999999173 18.284
5.9299999999999171 18.284
5.9399999999999169 18.284
5.9499999999999167 18.284
5.9599999999999165 18.284
5.9699999999999163 18.284
5.979999999999916 18.284
5.9899999999999158 19.2447
5.9999999999999156 19.2447
6.0099999999999154 19.2447
6.0199999999999152 19.2447
6.029999999999915 19.2447
6.0399999999999148 19.2447
6.0499999999999146 19.2447
6.0599999999999143 19.2447
6.0699999999999141 19.2447
6.0799999999999139 19.2447
6.0899999999999137 19.2447
6.0999999999999135 19.2447
6.1099999999999133 19.2447
6.1199999999999131 19.2447
6.1299999999999129 9.70007
6.1399999999999126 9.70007
6.1499999999999124 9.70007
6.1599999999999122 9.70007
6.169999999999912 9.70007
6.1799999999999118 9.70007
6.1899999999999116 9.70007
6.1999999999999114 9.70007
6.2099999999999111 9.70007
6.2199999999999109 9.70007
6.2299999999999107 9.70007
6.2399999999999105 9.70007
6.2499999999999103 9.80316
6.2599999999999101 9.80316
6.2699999999999099 9.80316
6.2799999999999097 9.80316
6.2899999999999094 9.80316
6.2999999999999092 9.80316
6.309999999999909 9.80316
6.3199999999999088 9.80316
6.3299999999999086 9.80316
6.3399999999999084 9.80316
6.3499999999999082 9.80316
6.3599999999999079 9.80316
6.3699999999999077 9.80316
6.3799999999999075 9.80316
6.3899999999999073 9.80316
6.3999999999999071 9.80316
6.4099999999999069 9.80316
6.4199999999999067 9.80316
6.4299999999999065 9.80316
6.4399999999999062 9.80316
6.449999999999906 9.80316
6.4599999999999058 1
6.4699999999999056 1
6.4799999999999054 1
6.4899999999999052 1
6.499999999999905 1
6.5099999999999048 1
6.5199999999999045 1
6.5299999999999043 1
6.5399999999999041 1
6.5499999999999039 1
6.5599999999999037 1
6.5699999999999035 2
6.5799999999999033 2
6.589999999999903 2
6.5999999999999028 2
6.6099999999999026 2
6.6199999999999024 2
6.6299999999999022 2
6.639999999999902 2
6.6499999999999018 2
6.6599999999999016 2
6.6699999999999013 2
6.6799999999999011 2
6.6899999999999009 3
6.6999999999999007 3
6.7099999999999005 3
6.7199999999999003 3
6.7299999999999001 3
6.7399999999998998 3
6.7499999999998996 3
6.7599999999998994 3
6.7699999999998992 3
6.779999999999899 3
6.7899999999998988 3
6.7999999999998986 3
6.8099999999998984 3
6.8199999999998981 4
6.8299999999998979 4
6.8399999999998977 4
6.8499999999998975 4
6.8599999999998973 4
6.8699999999998971 4
6.8799999999998969 4
6.8899999999998967 4
6.8999999999998964 4
6.9099999999998962 4
6.919999999999896 4
6.9299999999998958 4
6.9399999999998956 5.31903
6.9499999999998954 5.31903
6.9599999999998952 5.31903
6.9699999999998949 5.31903
6.9799999999998947 5.31903
6.9899999999998945 5.31903
6.9999999999998943 5.31903
7.0099999999998941 5.31903
7.0199999999998939 5.31903
7.0299999999998937 5.31903
7.0399999999998935 5.31903
7.0499999999998932 5.31903
7.059999999999893 6.20063
7.0699999999998928 6.20063
7.0799999999998926 6.20063
7.0899999999998924 6.20063
7.0999999999998922 6.20063
7.109999999999892 6.20063
7.1199999999998917 6.20063
7.1299999999998915 6.20063
7.1399999999998913 6.20063
7.1499999999998911 6.20063
7.1599999999998909 6.20063
7.1699999999998907 6.20063
7.1799999999998905 7.11243
7.1899999999998903 7.11243
7.19999999999989 7.11243
7.2099999999998898 7.11243
7.2199999999998896 7.11243
7.2299999999998894 7.11243
7.2399999999998892 7.11243
7.249999999999889 7.11243
7.2599999999998888 7.11243
7.2699999999998886 7.11243
7.2799999999998883 7.11243
7.2899999999998881 7.11243
7.2999999999998879 8.0443
7.3099999999998877 8.0443
7.3199999999998875 8.0443
7.3299999999998873 8.0443
7.3399999999998871 8.0443
7.3499999999998868 8.0443
7.3599999999998866 8.0443
7.3699999999998864 8.0443
7.3799999999998862 8.0443
7.389999999999886 8.0443
7.3999999999998858 8.0443
7.4099999999998856 8.0443
7.4199999999998854 8.29104
7.4299999999998851 8.99015
7.4399999999998849 8.99015
7.4499999999998847 8.99015
7.4599999999998845 8.99015
7.4699999999998843 8.99015
7.4799999999998841 8.99015
7.4899999999998839 8.99015
7.4999999999998836 8.99015
7.5099999999998834 8.99015
7.5199999999998832 8.99015
7.529999999999883 8.99015
7.5399999999998828 9.10138
7.5499999999998826 9.84449
7.5599999999998824 9.84449
7.5699999999998822 9.84449
7.5799999999998819 9.84449
7.5899999999998817 9.84449
7.5999999999998815 9.84449
7.6099999999998813 9.84449
7.6199999999998811 9.84449
7.6299999999998809 9.84449
7.6399999999998807 9.84449
7.6499999999998805 9.84449
7.6599999999998802 9.84449
7.66999999999988 10.7238
7.6799999999998798 10.7238
7.6899999999998796 10.7238
7.6999999999998794 10.7238
7.7099999999998792 10.7238
7.719999999999879 10.7238
7.7299999999998787 10.7238
7.7399999999998785 10.7238
7.7499999999998783 10.7238
7.7599999999998781 10.7238
7.7699999999998779 10.7238
7.7799999999998777 10.7238
7.7899999999998775 11.0921
7.7999999999998773 11.6224
7.809999999999877 11.6224
7.8199999999998768 11.6224
7.8299999999998766 11.6224
7.8399999999998764 11.6224
7.8499999999998762 11.6224
7.859999999999876 11.6224
7.8699999999998758 11.6224
7.8799999999998755 11.6224
7.8899999999998753 11.6224
7.8999999999998751 11.6224
7.9099999999998749 11.6224
7.9199999999998747 11.6224
7.9299999999998745 12.5362
7.9399999999998743 12.5362
7.9499999999998741 12.5362
7.9599999999998738 12.5362
7.9699999999998736 12.5362
7.9799999999998734 12.5362
7.9899999999998732 12.5362
7.999999999999873 12.5362
8.0099999999998737 12.5362
8.0199999999998735 12.5362
8.0299999999998732 12.5362
8.039999999999873 12.5362
8.0499999999998728 12.5362
8.0599999999998726 12.6953
8.0699999999998724 13.4621
8.0799999999998722 13.4621
8.089999999999872 13.4621
8.0999999999998717 13.4621
8.1099999999998715 13.4621
8.1199999999998713 13.4621
8.1299999999998711 13.4621
8.1399999999998709 13.4621
8.1499999999998707 13.4621
8.1599999999998705 13.4621
8.1699999999998703 13.4621
8.17999999999987 13.4621
8.1899999999998698 13.4621
8.1999999999998696 13.4621
8.2099999999998694 14.3978
8.2199999999998692 14.3978
8.229999999999869 14.3978
8.2399999999998688 14.3978
8.2499999999998685 14.3978
8.2599999999998683 14.3978
8.2699999999998681 14.3978
8.2799999999998679 14.3978
8.2899999999998677 14.3978
8.2999999999998675 14.3978
8.3099999999998673 14.3978
8.3199999999998671 14.3978
8.3299999999998668 14.3978
8.3399999999998666 14.3978
8.3499999999998664 14.3978
8.3599999999998662 15.0779
8.369999999999866 15.3414
8.3799999999998658 15.3414
8.3899999999998656 15.3414
8.3999999999998654 15.3414
8.4099999999998651 15.3414
8.4199999999998649 15.3414
8.4299999999998647 15.3414
8.4399999999998645 15.3414
8.4499999999998643 15.3414
8.4599999999998641 15.3414
8.4699999999998639 15.3414
8.4799999999998636 15.3414
8.4899999999998634 15.3414
8.4999999999998632 7.67071
8.509999999999863 7.67071
8.5199999999998628 7.67071
8.5299999999998626 7.67071
8.5399999999998624 7.67071
8.5499999999998622 7.67071
8.5599999999998619 7.67071
8.5699999999998617 7.67071
8.5799999999998615 7.67071
8.5899999999998613 7.67071
8.5999999999998611 7.67071
8.6099999999998609 7.67071
8.6199999999998607 7.80108
8.6299999999998604 7.80108
8.6399999999998602 7.80108
8.64999999999986 7.80108
8.6599999999998598 7.80108
8.6699999999998596 7.80108
8.6799999999998594 7.80108
8.6899999999998592 7.80108
8.699999999999859 7.80108
8.7099999999998587 7.80108
8.7199999999998585 7.80108
8.7299999999998583 7.80108
8.7399999999998581 7.80108
8.7499999999998579 7.80108
8.7599999999998577 7.80108
8.7699999999998575 7.80108
8.7799999999998573 7.80108
8.789999999999857 7.80108
8.7999999999998568 7.80108
8.8099999999998566 7.80108
8.8199999999998564 7.80108
8.8299999999998562 1
8.839999999999856 1
8.8499999999998558 1
8.8599999999998555 1
8.8699999999998553 1
8.8799999999998551 1
8.8899999999998549 1
8.8999999999998547 1
8.9099999999998545 1
8.9199999999998543 1
8.9299999999998541 1
8.9399999999998538 1
8.9499999999998536 2
8.9599999999998534 2
8.9699999999998532 2
8.979999999999853 2
8.9899999999998528 2
8.9999999999998526 2
9.0099999999998523 2
9.0199999999998521 2
9.0299999999998519 2
9.0399999999998517 2
9.0499999999998515 2
9.0599999999998513 3
9.0699999999998511 3
9.0799999999998509 3
9.0899999999998506 3
9.0999999999998504 3
9.1099999999998502 3
9.11999999999985 3
9.1299999999998498 3
9.1399999999998496 3
9.1499999999998494 3
9.1599999999998492 3
9.1699999999998489 3
9.1799999999998487 4.16441
9.1899999999998485 4.16441
9.1999999999998483 4.16441
9.2099999999998481 4.16441
9.2199999999998479 4.16441
9.2299999999998477 4.16441
9.2399999999998474 4.16441
9.2499999999998472 4.16441
9.259999999999847 4.16441
9.2699999999998468 4.16441
9.2799999999998466 4.16441
9.2899999999998464 5.05378
9.2999999999998462 5.05378
9.309999999999846 5.05378
9.3199999999998457 5.05378
9.3299999999998455 5.05378
9.3399999999998453 5.05378
9.3499999999998451 5.05378
9.3599999999998449 5.05378
9.3699999999998447 5.05378
9.3799999999998445 5.05378
9.3899999999998442 5.05378
9.399999999999844 5.05378
9.4099999999998438 5.97588
9.4199999999998436 5.97588
9.4299999999998434 5.97588
9.4399999999998432 5.97588
9.449999999999843 5.97588
9.4599999999998428 5.97588
9.4699999999998425 5.97588
9.4799999999998423 5.97588
9.4899999999998421 5.97588
9.4999999999998419 5.97588
9.5099999999998417 5.97588
9.5199999999998415 5.97588
9.5299999999998413 6.77034
9.5399999999998411 6.77034
9.5499999999998408 6.77034
9.5599999999998406 6.77034
9.5699999999998404 6.77034
9.5799999999998402 6.77034
9.58999999999984 6.77034
9.5999999999998398 6.77034
9.6099999999998396 6.77034
9.6199999999998393 6.77034
9.6299999999998391 6.77034
9.6399999999998389 6.77034
9.6499999999998387 7.61288
9.6599999999998385 7.61288
9.6699999999998383 7.61288
9.6799999999998381 7.61288
9.6899999999998379 7.61288
9.6999999999998376 7.61288
9.7099999999998374 7.61288
9.7199999999998372 7.61288
9.729999999999837 7.61288
9.7399999999998368 7.61288
9.7499999999998366 7.61288
9.7599999999998364 7.61288
9.7699999999998361 8.48916
9.7799999999998359 8.48916
9.7899999999998357 8.48916
9.7999999999998355 8.48916
9.8099999999998353 8.48916
9.8199999999998351 8.48916
9.8299999999998349 8.48916
9.8399999999998347 8.48916
9.8499999999998344 8.48916
9.8599999999998342 8.48916
9.869999999999834 8.48916
9.8799999999998338 8.48916
9.8899999999998336 8.83778
9.8999999999998334 9.38974
9.9099999999998332 9.38974
9.919999999999833 9.38974
9.9299999999998327 9.38974
9.9399999999998325 9.38974
9.9499999999998323 9.38974
9.9599999999998321 9.38974
9.9699999999998319 9.38974
9.9799999999998317 9.38974
9.9899999999998315 9.38974
9.9999999999998312 9.38974
10.009999999999831 9.38974
10.019999999999831 10.3083
10.029999999999831 10.3083
10.03999999999983 10.3083
10.04999999999983 10.3083
10.05999999999983 10.3083
10.06999999999983 10.3083
10.07999999999983 10.3083
10.089999999999829 10.3083
10.099999999999829 10.3083
10.109999999999829 10.3083
10.119999999999829 10.3083
10.129999999999828 10.3083
10.139999999999828 11.2405
10.149999999999828 11.2405
10.159999999999828 11.2405
10.169999999999828 11.2405
10.179999999999827 11.2405
10.189999999999827 11.2405
10.199999999999827 11.2405
10.209999999999827 11.2405
10.219999999999827 11.2405
10.229999999999826 11.2405
10.239999999999826 11.2405
10.249999999999826 11.2405
10.259999999999826 11.2405
10.269999999999825 12.1831
10.279999999999825 12.1831
10.289999999999825 12.1831
10.299999999999825 12.1831
10.309999999999825 12.1831
10.319999999999824 12.1831
10.329999999999824 12.1831
10.339999999999824 12.1831
10.349999999999824 12.1831
10.359999999999824 12.1831
10.369999999999823 12.1831
10.379999999999823 12.1831
10.389999999999823 12.1831
10.399999999999823 12.7465
10.409999999999823 13.1341
10.419999999999822 13.1341
10.429999999999822 13.1341
10.439999999999822 13.1341
10.449999999999822 13.1341
10.459999999999821 13.1341
10.469999999999821 13.1341
10.479999999999821 13.1341
10.489999999999821 13.1341
10.499999999999821 13.1341
10.50999999999982 13.1341
10.51999999999982 13.1341
10.52999999999982 13.1341
10.53999999999982 13.1341
10.54999999999982 14.0917
10.559999999999819 14.0917
10.569999999999819 14.0917
10.579999999999819 14.0917
10.589999999999819 14.0917
10.599999999999818 14.0917
10.609999999999818 14.0917
10.619999999999818 14.0917
10.629999999999818 14.0917
10.639999999999818 14.0917
10.649999999999817 14.0917
10.659999999999817 14.0917
10.669999999999817 14.0917
10.679999999999817 14.0917
10.689999999999817 14.0917
10.699999999999816 15.0546
10.709999999999816 15.0546
10.719999999999816 15.0546
10.729999999999816 15.0546
10.739999999999815 15.0546
10.749999999999815 15.0546
10.759999999999815 15.0546
10.769999999999815 15.0546
10.779999999999815 15.0546
10.789999999999814 15.0546
10.799999999999814 15.0546
10.809999999999814 15.0546
10.819999999999814 15.0546
10.829999999999814 15.0546
10.839999999999813 15.121
10.849999999999813 7.56051
10.859999999999813 7.56051
10.869999999999813 7.56051
10.879999999999812 7.56051
10.889999999999812 7.56051
10.899999999999812 7.56051
10.909999999999812 7.56051
10.919999999999812 7.56051
10.929999999999811 7.56051
10.939999999999811 7.56051
10.949999999999811 7.56051
10.959999999999811 7.56051
10.969999999999811 7.69278
10.97999999999981 7.69278
10.98999999999981 7.69278
10.99999999999981 7.69278
11.00999999999981 7.69278
11.01999999999981 7.69278
11.029999999999809 7.69278
11.039999999999809 7.69278
11.049999999999809 7.69278
11.059999999999809 7.69278
11.069999999999808 7.69278
11.079999999999808 7.69278
11.089999999999808 7.69278
11.099999999999808 7.69278
11.109999999999808 7.69278
11.119999999999807 7.69278
11.129999999999807 7.69278
11.139999999999807 7.69278
11.149999999999807 7.69278
11.159999999999807 7.69278
11.169999999999806 1
11.179999999999806 1
11.189999999999806 1
11.199999999999806 1
11.209999999999805 1
11.219999999999805 1
11.229999999999805 1
11.239999999999805 1
11.249999999999805 1
11.259999999999804 1
11.269999999999804 1
11.279999999999804 2
11.289999999999804 2
11.299999999999804 2
11.309999999999803 2
11.319999999999803 2
11.329999999999803 2
11.339999999999803 2
11.349999999999802 2
11.359999999999802 2
11.369999999999802 2
11.379999999999802 2
11.389999999999802 2
11.399999999999801 3
11.409999999999801 3
11.419999999999801 3
11.429999999999801 3
11.439999999999801 3
11.4499999999998 3
11.4599999999998 3
11.4699999999998 3
11.4799999999998 3
11.489999999999799 3
11.499999999999799 3
11.509999999999799 3
11.519999999999799 4.16441
11.529999999999799 4.16441
11.539999999999798 4.16441
11.549999999999798 4.16441
11.559999999999798 4.16441
11.569999999999798 4.16441
11.579999999999798 4.16441
11.589999999999797 4.16441
11.599999999999797 4.16441
11.609999999999797 4.16441
11.619999999999797 4.16441
11.629999999999797 4.16441
11.639999999999796 4.84749
11.649999999999796 5.05378
11.659999999999796 5.05378
11.669999999999796 5.05378
11.679999999999795 5.05378
11.689999999999795 5.05378
11.699999999999795 5.05378
11.709999999999795 5.05378
11.719999999999795 5.05378
11.729999999999794 5.05378
11.739999999999794 5.05378
11.749999999999794 5.05378
11.759999999999794 5.97588
11.769999999999794 5.97588
11.779999999999793 5.97588
11.789999999999793 5.97588
11.799999999999793 5.97588
11.809999999999793 5.97588
11.819999999999792 5.97588
11.829999999999792 5.97588
11.839999999999792 5.97588
11.849999999999792 5.97588
11.859999999999792 5.97588
11.869999999999791 5.97588
11.879999999999791 6.77034
11.889999999999791 6.77034
11.899999999999791 6.77034
11.909999999999791 6.77034
11.91999999999979 6.77034
11.92999999999979 6.77034
11.93999999999979 6.77034
11.94999999999979 6.77034
11.959999999999789 6.77034
11.969999999999789 6.77034
11.979999999999789 6.77034
11.989999999999789 6.77034
11.999999999999789 7.61288
12.009999999999788 7.61288
12.019999999999788 7.61288
12.029999999999788 7.61288
12.039999999999788 7.61288
12.049999999999788 7.61288
12.059999999999787 7.61288
12.069999999999787 7.61288
12.079999999999787 7.61288
12.089999999999787 7.61288
12.099999999999786 7.61288
12.109999999999786 7.61288
12.119999999999786 8.48916
12.129999999999786 8.48916
12.139999999999786 8.48916
12.149999999999785 8.48916
12.159999999999785 8.48916
12.169999999999785 8.48916
12.179999999999785 8.48916
12.189999999999785 8.48916
12.199999999999784 8.48916
12.209999999999784 8.48916
12.219999999999784 8.48916
12.229999999999784 8.48916
12.239999999999783 9.38974
12.249999999999783 9.38974
12.259999999999783 9.38974
12.269999999999783 9.38974
12.279999999999783 9.38974
12.289999999999782 9.38974
12.299999999999782 9.38974
12.309999999999782 9.38974
12.319999999999782 9.38974
12.329999999999782 9.38974
12.339999999999781 9.38974
12.349999999999781 9.38974
12.359999999999781 10.3083
12.369999999999781 10.3083
12.379999999999781 10.3083
12.38999999999978 10.3083
12.39999999999978 10.3083
12.40999999999978 10.3083
12.41999999999978 10.3083
12.429999999999779 10.3083
12.439999999999779 10.3083
12.449999999999779 10.3083
12.459999999999779 10.3083
12.469999999999779 10.3083
12.479999999999778 11.2405
12.489999999999778 11.2405
12.499999999999778 11.2405
12.509999999999778 11.2405
12.519999999999778 11.2405
12.529999999999777 11.2405
12.539999999999777 11.2405
12.549999999999777 11.2405
12.559999999999777 11.2405
12.569999999999776 11.2405
12.579999999999776 11.2405
12.589999999999776 11.2405
12.599999999999776 12.1005
12.609999999999776 12.1831
12.619999999999775 12.1831
12.629999999999775 12.1831
12.639999999999775 12.1831
12.649999999999775 12.1831
12.659999999999775 12.1831
12.669999999999774 12.1831
12.679999999999774 12.1831
12.689999999999774 12.1831
12.699999999999774 12.1831
12.709999999999773 12.1831
12.719999999999773 12.1831
12.729999999999773 12.9805
12.739999999999773 13.1341
12.749999999999773 13.1341
12.759999999999772 13.1341
12.769999999999772 13.1341
12.779999999999772 13.1341
12.789999999999772 13.1341
12.799999999999772 13.1341
12.809999999999771 13.1341
12.819999999999771 13.1341
12.829999999999771 13.1341
12.839999999999771 13.1341
12.84999999999977 13.1341
12.85999999999977 13.1341
12.86999999999977 14.0917
12.87999999999977 14.0917
12.88999999999977 14.0917
12.899999999999769 14.0917
12.909999999999769 14.0917
12.919999999999769 14.0917
12.929999999999769 14.0917
12.939999999999769 14.0917
12.949999999999768 14.0917
12.959999999999768 14.0917
12.969999999999768 14.0917
12.979999999999768 14.0917
12.989999999999768 14.0917
12.999999999999767 14.0917
13.009999999999767 14.5811
13.019999999999767 15.0546
13.029999999999767 15.0546
13.039999999999766 15.0546
13.049999999999766 15.0546
13.059999999999766 15.0546
13.069999999999766 15.0546
13.079999999999766 15.0546
13.089999999999765 15.0546
13.099999999999765 15.0546
13.109999999999765 15.0546
13.119999999999765 15.0546
13.129999999999765 15.0546
13.139999999999764 15.0546
13.149999999999764 15.0546
13.159999999999764 15.4489
13.169999999999764 16.022
13.179999999999763 16.022
13.189999999999763 16.022
13.199999999999763 16.022
13.209999999999763 16.022
13.219999999999763 16.022
13.229999999999762 16.022
13.239999999999762 16.022
13.249999999999762 16.022
13.259999999999762 16.022
13.269999999999762 16.022
13.279999999999761 16.022
13.289999999999761 16.022
13.299999999999761 16.022
13.309999999999761 8.01098
13.31999999999976 8.01098
13.32999999999976 8.01098
13.33999999999976 8.01098
13.34999999999976 8.01098
13.35999999999976 8.01098
13.369999999999759 8.01098
13.379999999999759 8.01098
13.389999999999759 8.01098
13.399999999999759 8.01098
13.409999999999759 8.01098
13.419999999999758 8.13581
13.429999999999758 8.13581
13.439999999999758 8.13581
13.449999999999758 8.13581
13.459999999999757 8.13581
13.469999999999757 8.13581
13.479999999999757 8.13581
13.489999999999757 8.13581
13.499999999999757 8.13581
13.509999999999756 8.13581
13.519999999999756 8.13581
13.529999999999756 8.13581
13.539999999999756 8.13581
13.549999999999756 8.13581
13.559999999999755 8.13581
13.569999999999755 8.13581
13.579999999999755 8.13581
13.589999999999755 8.13581
13.599999999999755 8.13581
13.609999999999754 8.13581
13.619999999999754 1
13.629999999999754 1
13.639999999999754 1
13.649999999999753 1
13.659999999999753 1
13.669999999999753 1
13.679999999999753 1
13.689999999999753 1
13.699999999999752 1
13.709999999999752 1
13.719999999999752 1
13.729999999999752 1
13.739999999999752 2
13.749999999999751 2
13.759999999999751 2
13.769999999999751 2
13.779999999999751 2
13.78999999999975 2
13.79999999999975 2
13.80999999999975 2
13.81999999999975 2
13.82999999999975 2
13.839999999999749 2
13.849999999999749 2
13.859999999999749 3
13.869999999999749 3
13.879999999999749 3
13.889999999999748 3
13.899999999999748 3
13.909999999999748 3
13.919999999999748 3
13.929999999999747 3
13.939999999999747 3
13.949999999999747 3
13.959999999999747 3
13.969999999999747 3
13.979999999999746 3
13.989999999999746 4
13.999999999999746 4
14.009999999999746 4
14.019999999999746 4
14.029999999999745 4
14.039999999999745 4
14.049999999999745 4
14.059999999999745 4
14.069999999999744 4
14.079999999999744 4
14.089999999999744 4
14.099999999999744 4
14.109999999999744 5.31903
14.119999999999743 5.31903
14.129999999999743 5.31903
14.139999999999743 5.31903
14.149999999999743 5.31903
14.159999999999743 5.31903
14.169999999999742 5.31903
14.179999999999742 5.31903
14.189999999999742 5.31903
14.199999999999742 5.31903
14.209999999999742 5.31903
14.219999999999741 5.31903
14.229999999999741 6.20063
14.239999999999741 6.20063
14.249999999999741 6.20063
14.25999999999974 6.20063
14.26999999999974 6.20063
14.27999999999974 6.20063
14.28999999999974 6.20063
14.29999999999974 6.20063
14.309999999999739 6.20063
14.319999999999739 6.20063
14.329999999999739 6.20063
14.339999999999739 6.20063
14.349999999999739 7.11243
14.359999999999738 7.11243
14.369999999999738 7.11243
14.379999999999738 7.11243
14.389999999999738 7.11243
14.399999999999737 7.11243
14.409999999999737 7.11243
14.419999999999737 7.11243
14.429999999999737 7.11243
14.439999999999737 7.11243
14.449999999999736 7.11243
14.459999999999736 7.11243
14.469999999999736 8.0443
14.479999999999736 8.0443
14.489999999999736 8.0443
14.499999999999735 8.0443
14.509999999999735 8.0443
14.519999999999735 8.0443
14.529999999999735 8.0443
14.539999999999734 8.0443
14.549999999999734 8.0443
14.559999999999734 8.0443
14.569999999999734 8.0443
14.579999999999734 8.0443
14.589999999999733 8.99015
14.599999999999733 8.99015
14.609999999999733 8.99015
14.619999999999733 8.99015
14.629999999999733 8.99015
14.639999999999732 8.99015
14.649999999999732 8.99015
14.659999999999732 8.99015
14.669999999999732 8.99015
14.679999999999731 8.99015
14.689999999999731 8.99015
14.699999999999731 8.99015
14.709999999999731 9.84449
14.719999999999731 9.84449
14.72999999999973 9.84449
14.73999999999973 9.84449
14.74999999999973 9.84449
14.75999999999973 9.84449
14.76999999999973 9.84449
14.779999999999729 9.84449
14.789999999999729 9.84449
14.799999999999729 9.84449
14.809999999999729 9.84449
14.819999999999729 9.84449
14.829999999999728 10.7238
14.839999999999728 10.7238
14.849999999999728 10.7238
14.859999999999728 10.7238
14.869999999999727 10.7238
14.879999999999727 10.7238
14.889999999999727 10.7238
14.899999999999727 10.7238
14.909999999999727 10.7238
14.919999999999726 10.7238
14.929999999999726 10.7238
14.939999999999726 10.7238
14.949999999999726 11.6224
14.959999999999726 11.6224
14.969999999999725 11.6224
14.979999999999725 11.6224
14.989999999999725 11.6224
14.999999999999725 11.6224
15.009999999999724 11.6224
15.019999999999724 11.6224
15.029999999999724 11.6224
15.039999999999724 11.6224
15.049999999999724 11.6224
15.059999999999723 11.6224
15.069999999999723 11.6224
15.079999999999723 12.5362
15.089999999999723 12.5362
15.099999999999723 12.5362
15.109999999999722 12.5362
15.119999999999722 12.5362
15.129999999999722 12.5362
15.139999999999722 12.5362
15.149999999999721 12.5362
15.159999999999721 12.5362
15.169999999999721 12.5362
15.179999999999721 12.5362
15.189999999999721 12.5362
15.19999999999972 12.5362
15.20999999999972 13.0843
15.21999999999972 13.4621
15.22999999999972 13.4621
15.23999999999972 13.4621
15.249999999999719 13.4621
15.259999999999719 13.4621
15.269999999999719 13.4621
15.279999999999719 13.4621
15.289999999999718 13.4621
15.299999999999718 13.4621
15.309999999999718 13.4621
15.319999999999718 13.4621
15.329999999999718 13.4621
15.339999999999717 13.4621
15.349999999999717 13.5364
15.359999999999717 14.3978
15.369999999999717 14.3978
15.379999999999717 14.3978
15.389999999999716 14.3978
15.399999999999716 14.3978
15.409999999999716 14.3978
15.419999999999716 14.3978
15.429999999999715 14.3978
15.439999999999715 14.3978
15.449999999999715 14.3978
15.459999999999715 14.3978
15.469999999999715 14.3978
15.479999999999714 14.3978
15.489999999999714 14.3978
15.499999999999714 14.8771
15.509999999999714 15.3414
15.519999999999714 15.3414
15.529999999999713 15.3414
15.539999999999713 15.3414
15.549999999999713 15.3414
15.559999999999713 15.3414
15.569999999999713 15.3414
15.579999999999712 15.3414
15.589999999999712 15.3414
15.599999999999712 15.3414
15.609999999999712 15.3414
15.619999999999711 15.3414
15.629999999999711 15.3414
15.639999999999711 15.3414
15.649999999999711 15.3414
15.659999999999711 7.73576
15.66999999999971 7.73576
15.67999999999971 7.73576
15.68999999999971 7.73576
15.69999999999971 7.73576
15.70999999999971 7.73576
15.719999999999709 7.73576
15.729999999999709 7.73576
15.739999999999709 7.73576
15.749999999999709 7.73576
15.759999999999708 7.73576
15.769999999999708 7.73576
15.779999999999708 7.73576
15.789999999999708 7.73576
15.799999999999708 7.86503
15.809999999999707 7.86503
15.819999999999707 7.86503
15.829999999999707 7.86503
15.839999999999707 7.86503
15.849999999999707 7.86503
15.859999999999706 7.86503
15.869999999999706 7.86503
15.879999999999706 7.86503
15.889999999999706 7.86503
15.899999999999705 7.86503
15.909999999999705 7.86503
15.919999999999705 7.86503
15.929999999999705 7.86503
15.939999999999705 7.86503
15.949999999999704 7.86503
15.959999999999704 7.86503
15.969999999999704 7.86503
15.979999999999704 7.86503
15.989999999999704 7.86503
15.999999999999703 1
16.009999999999703 1
16.019999999999705 1
16.029999999999706 1
16.039999999999708 1
16.049999999999709 1
16.059999999999711 1
16.069999999999713 1
16.079999999999714 1
16.089999999999716 1
16.099999999999717 1
16.109999999999719 2
16.11999999999972 2
16.129999999999722 2
16.139999999999723 2
16.149999999999725 2
16.159999999999727 2
16.169999999999728 2
16.17999999999973 2
16.189999999999731 2
16.199999999999733 2
16.209999999999734 2
16.219999999999736 2
16.229999999999738 3
16.239999999999739 3
16.249999999999741 3
16.259999999999742 3
16.269999999999744 3
16.279999999999745 3
16.289999999999747 3
16.299999999999748 3
16.30999999999975 3
16.319999999999752 3
16.329999999999753 3
16.339999999999755 3
16.349999999999756 4.16441
16.359999999999758 4.16441
16.369999999999759 4.16441
16.379999999999761 4.16441
16.389999999999763 4.16441
16.399999999999764 4.16441
16.409999999999766 4.16441
16.419999999999767 4.16441
16.429999999999769 4.16441
16.43999999999977 4.16441
16.449999999999772 4.16441
16.459999999999773 5.05378
16.469999999999775 5.05378
16.479999999999777 5.05378
16.489999999999778 5.05378
16.49999999999978 5.05378
16.509999999999781 5.05378
16.519999999999783 5.05378
16.529999999999784 5.05378
16.539999999999786 5.05378
16.549999999999788 5.05378
16.559999999999789 5.05378
16.569999999999791 5.05378
16.579999999999792 5.97588
16.589999999999794 5.97588
16.599999999999795 5.97588
16.609999999999797 5.97588
16.619999999999798 5.97588
16.6299999999998 5.97588
16.639999999999802 5.97588
16.649999999999803 5.97588
16.659999999999805 5.97588
16.669999999999806 5.97588
16.679999999999808 5.97588
16.689999999999809 6.46458
16.699999999999811 6.77034
16.709999999999813 6.77034
16.719999999999814 6.77034
16.729999999999816 6.77034
16.739999999999817 6.77034
16.749999999999819 6.77034
16.75999999999982 6.77034
16.769999999999822 6.77034
16.779999999999824 6.77034
16.789999999999825 6.77034
16.799999999999827 6.77034
16.809999999999828 7.61288
16.81999999999983 7.61288
16.829999999999831 7.61288
16.839999999999833 7.61288
16.849999999999834 7.61288
16.859999999999836 7.61288
16.869999999999838 7.61288
16.879999999999839 7.61288
16.889999999999841 7.61288
16.899999999999842 7.61288
16.909999999999844 7.61288
16.919999999999845 7.61288
16.929999999999847 