0.07 0 0 0 0 0 0 0 0 0 0 0 0
0.15 0 0 0 0 0 0 0 0 0 0 0 0
0.22 0 0 0 0 0 0 0 0 0 0 0 0
0.30 0 0 0 0 0 0 0 0 0 0 0 0
0.37 160 2 0 0 0 0 0 0 0 0 0 0
0.45 160 2 0 0 0 0 0 0 0 0 0 0
0.52 160 2 0 0 0 0 0 0 0 0 0 0
0.59 160 2 0 0 0 0 0 0 0 0 0 0
0.67 160 2 0 0 0 0 0 0 0 0 0 0
0.74 160 2 0 0 0 0 0 0 0 0 0 0
0.82 250 3 0 0 0 0 0 0 0 0 0 0
0.89 250 3 0 0 0 0 0 0 0 0 0 0
0.96 250 3 0 0 0 0 0 0 0 0 0 0
1.04 250 3 0 0 0 0 0 0 0 0 0 0
1.11 250 3 0 0 0 0 0 0 0 0 0 0
1.19 250 3 0 0 0 0 0 0 0 0 0 0
1.26 250 3 0 0 0 0 0 0 0 0 0 0
1.34 250 3 0 0 0 0 0 0 0 0 0 0
1.41 250 3 0 0 0 0 0 0 0 0 0 0
1.48 250 3 0 0 0 0 0 0 0 0 0 0
1.56 250 3 0 0 0 0 0 0 0 0 0 0
1.63 250 3 0 0 0 0 0 0 0 0 0 0
1.71 250 3 0 0 0 0 0 0 0 0 0 0
1.78 250 3 0 0 0 0 0 0 0 0 0 0
1.86 250 3 0 0 0 0 0 0 0 0 0 0
1.93 250 3 0 0 0 0 0 0 0 0 0 0
2.00 250 3 0 0 0 0 0 0 0 0 0 0
2.08 250 3 0 0 0 0 0 0 0 0 0 0
2.15 250 3 0 0 0 0 0 0 0 0 0 0
2.23 250 3 0 0 0 0 0 0 0 0 0 0
2.30 250 3 0 0 0 0 0 0 0 0 0 0
2.37 250 3 0 0 0 0 0 0 0 0 0 0
2.45 250 3 0 0 0 0 0 0 0 0 0 0
2.52 250 3 0 0 0 0 0 0 0 0 0 0
2.60 250 3 0 0 0 0 0 0 0 0 0 0
2.67 250 3 0 0 0 0 0 0 0 0 0 0
2.75 250 3 0 0 0 0 0 0 0 0 0 0
2.82 250 3 0 0 0 0 0 0 0 0 0 0
2.89 250 3 0 0 0 0 0 0 0 0 0 0
2.97 320 4 0 0 0 0 0 0 0 0 0 0
3.04 320 4 0 0 0 0 0 0 0 0 0 0
3.12 320 4 0 0 0 0 0 0 0 0 0 0
3.19 320 4 0 0 0 0 0 0 0 0 0 0
3.27 320 4 0 0 0 0 0 0 0 0 0 0
3.34 320 4 0 0 0 0 0 0 0 0 0 0
3.41 1842 25 0 0 0 0 0 0 0 0 0 0
3.49 7942 105 0 0 0 0 0 0 0 0 0 0
3.56 13162 145 0 0 0 0 0 0 0 0 0 0
3.64 17693 203 0 0 0 0 0 0 0 0 0 0
3.71 889662 825 0 0 0 0 0 0 0 0 0 0
3.78 4539196 3264 0 0 0 0 0 0 0 0 0 0
3.86 27480254 18441 0 0 0 0 0 0 0 0 0 0
3.93 93903292 62336 22 15 0 0 0 0 0 15 7 0
4.01 128081476 84936 22 15 0 0 0 0 0 15 7 0
4.08 164592762 109083 22 15 0 0 0 0 0 15 7 0
4.16 197911794 131123 22 15 0 0 0 0 0 15 7 0
4.23 225064534 149089 22 15 0 0 0 0 0 15 7 0
4.30 254675188 168672 22 15 0 0 0 0 0 15 7 0
4.38 281816928 186630 22 15 0 0 0 0 0 15 7 0
4.45 308110882 204027 22 15 0 0 0 0 0 15 7 0
4.53 336154670 222577 22 15 0 0 0 0 0 15 7 0
4.60 369454186 244603 22 15 0 0 0 0 0 15 7 0
4.68 395791566 262025 22 15 0 0 0 0 0 15 7 0
4.75 422048486 279401 22 15 0 0 0 0 0 15 7 0
4.82 450728128 298374 22 15 0 0 0 0 0 15 7 0
4.90 477384070 316009 22 15 0 0 0 0 0 15 7 0
4.97 504857734 334185 22 15 0 0 0 0 0 15 7 0
5.05 531348298 351707 22 15 0 0 0 0 0 15 7 0
5.12 559091884 370060 22 15 0 0 0 0 0 15 7 0
5.19 593481968 392806 22 15 0 0 0 0 0 15 7 0
5.27 622839036 412224 22 15 0 0 0 0 0 15 7 0
5.34 653195040 432306 22 15 0 0 0 0 0 15 7 0
5.42 681170228 450812 22 15 0 0 0 0 0 15 7 0
5.49 712228024 471358 22 15 0 0 0 0 0 15 7 0
5.57 739422964 489348 22 15 0 0 0 0 0 15 7 0
5.64 774157806 512321 22 15 0 0 0 0 0 15 7 0
5.71 800516480 529762 22 15 0 0 0 0 0 15 7 0
5.79 829356618 548843 22 15 0 0 0 0 0 15 7 0
5.86 857741808 567622 22 15 0 0 0 0 0 15 7 0
5.94 886594392 586710 22 15 0 0 0 0 0 15 7 0
6.01 913973940 604824 22 15 0 0 0 0 0 15 7 0
6.09 940407742 622317 22 15 0 0 0 0 0 15 7 0
6.16 970559464 642266 22 15 0 0 0 0 0 15 7 0
6.23 996960846 659733 22 15 0 0 0 0 0 15 7 0
6.31 1030616378 681991 22 15 0 0 0 0 0 15 7 0
6.38 1057507028 699788 22 15 0 0 0 0 0 15 7 0
6.46 1085623168 718390 22 15 0 0 0 0 0 15 7 0
6.53 1113238980 736656 22 15 0 0 0 0 0 15 7 0
6.60 1138212032 753174 22 15 0 0 0 0 0 15 7 0
6.68 1171382224 775114 22 15 0 0 0 0 0 15 7 0
6.75 1197937742 792681 22 15 0 0 0 0 0 15 7 0
6.83 1226347516 811472 22 15 0 0 0 0 0 15 7 0
6.90 1255427258 830711 22 15 0 0 0 0 0 15 7 0
6.98 1286038528 850966 22 15 0 0 0 0 0 15 7 0
7.05 1312985798 868793 22 15 0 0 0 0 0 15 7 0
7.12 1339555028 886368 22 15 0 0 0 0 0 15 7 0
7.20 1367589158 904913 22 15 0 1514 0 0 0 15 7 0
7.27 1394188060 922512 22 15 0 0 0 0 0 15 7 0
7.35 1426707240 944022 22 15 0 0 0 0 0 15 7 0
7.42 1451416854 960373 22 15 0 0 0 0 0 15 7 0
7.50 1478807946 978495 22 15 0 0 0 0 0 15 7 0
7.57 1513397490 1001379 22 15 0 0 0 0 0 15 7 0
7.64 1539878770 1018895 22 15 0 0 0 0 0 15 7 0
7.72 1570377378 1039071 22 15 0 0 0 0 0 15 7 0
7.79 1606788422 1063165 22 15 0 0 0 0 0 15 7 0
7.87 1634749108 1081664 22 15 0 0 0 0 0 15 7 0
7.94 1663465768 1100662 22 15 0 0 0 0 0 15 7 0
8.01 1691941662 1119497 22 15 0 0 0 0 0 15 7 0
8.09 1732017548 1146014 22 15 0 0 0 0 0 15 7 0
8.16 1765894846 1168423 22 15 0 0 0 0 0 15 7 0
8.24 1795544812 1188038 22 15 0 0 0 0 0 15 7 0
8.31 1824924980 1207474 22 15 0 0 0 0 0 15 7 0
8.39 1854716016 1227184 22 15 0 0 0 0 0 15 7 0
8.46 1884989962 1247213 22 15 0 0 0 0 0 15 7 0
8.53 1923353958 1272591 22 15 0 0 0 0 0 15 7 0
8.61 1950508344 1290552 22 15 0 0 0 0 0 15 7 0
8.68 1979826506 1309945 22 15 0 0 0 0 0 15 7 0
8.76 2005758906 1327105 22 15 0 0 0 0 0 15 7 0
8.83 2039248236 1349258 22 15 0 0 0 0 0 15 7 0
8.91 2063945922 1365597 22 15 0 0 0 0 0 15 7 0
8.98 2094201314 1385613 22 15 0 0 0 0 0 15 7 0
9.05 2121180970 1403457 22 15 0 0 0 0 0 15 7 0
9.13 2149467624 1422172 22 15 0 0 0 0 0 15 7 0
9.20 2177182514 1440505 22 15 0 0 0 0 0 15 7 0
9.28 2202353026 1457161 22 15 0 0 0 0 0 15 7 0
9.35 2231437578 1476397 22 15 0 0 0 0 0 15 7 0
9.42 2259435142 1494923 22 15 0 1514 0 0 0 15 7 0
9.50 2287892400 1513744 22 15 0 0 0 0 0 15 7 0
9.57 2317616056 1533408 22 15 0 0 0 0 0 15 7 0
9.65 2346309020 1552386 22 15 0 0 0 0 0 15 7 0
9.72 2372837910 1569943 22 15 0 0 0 0 0 15 7 0
9.80 2407292064 1592732 22 15 0 0 0 0 0 15 7 0
9.87 2434608456 1610804 22 15 0 0 0 0 0 15 7 0
9.94 2461308978 1628465 22 15 0 0 0 0 0 15 7 0
10.02 2488246704 1646288 22 15 0 0 0 0 0 15 7 0
10.09 2519511234 1666969 22 15 0 0 0 0 0 15 7 0
10.17 2547554142 1685523 22 15 0 0 0 0 0 15 7 0
10.24 2575174082 1703797 22 15 0 0 0 0 0 15 7 0
10.32 2604569246 1723243 22 15 0 0 0 0 0 15 7 0
10.39 2633520598 1742399 22 15 0 0 0 0 0 15 7 0
10.46 2662925718 1761855 22 15 0 0 0 0 0 15 7 0
10.54 2690985348 1780422 22 15 0 0 0 0 0 15 7 0
10.61 2717212488 1797768 22 15 0 0 0 0 0 15 7 0
10.69 2748386588 1818390 22 15 0 0 0 0 0 15 7 0
10.76 2775877182 1836583 22 15 0 0 0 0 0 15 7 0
10.83 2805861552 1856420 22 15 0 0 0 0 0 15 7 0
10.91 2831612840 1873452 22 15 0 0 0 0 0 15 7 0
10.98 2861090484 1892950 22 15 0 0 0 0 0 15 7 0
11.06 2889032688 1911436 22 15 0 0 0 0 0 15 7 0
11.13 2915368176 1928856 22 15 0 0 0 0 0 15 7 0
11.21 2940652036 1945586 22 15 0 0 0 0 0 15 7 0
11.28 2974187954 1967769 22 15 0 0 0 0 0 15 7 0
11.35 3003542316 1987190 22 15 0 0 0 0 0 15 7 0
11.43 3029924364 2004650 22 15 0 0 0 0 0 15 7 0
11.50 3061460400 2025508 22 15 0 0 0 0 0 15 7 0
11.58 3088167252 2043178 22 15 0 0 0 0 0 15 7 0
11.65 3115020718 2060939 22 15 0 0 0 0 0 15 7 0
11.73 3144904860 2080710 22 15 0 0 0 0 0 15 7 0
11.80 3172130604 2098722 22 15 0 0 0 0 0 15 7 0
11.87 3206896282 2121729 22 15 0 0 0 0 0 15 7 0
11.95 3234499398 2139987 22 15 0 0 0 0 0 15 7 0
12.02 3263692448 2159292 22 15 0 0 0 0 0 15 7 0
12.10 3289659146 2176469 22 15 0 0 0 0 0 15 7 0
12.17 3316706726 2194363 22 15 0 0 0 0 0 15 7 0
12.24 3346014170 2213749 22 15 0 0 0 0 0 15 7 0
12.32 3371548648 2230644 22 15 0 0 0 0 0 15 7 0
12.39 3401811466 2250661 22 15 0 0 0 0 0 15 7 0
12.47 3428067350 2268027 22 15 0 0 0 0 0 15 7 0
12.54 3454420930 2285465 22 15 0 0 0 0 0 15 7 0
12.62 3481688920 2303504 22 15 0 0 0 0 0 15 7 0
12.69 3516009216 2326212 22 15 0 0 0 0 0 15 7 0
12.76 3545886854 2345979 22 15 0 0 0 0 0 15 7 0
12.84 3578867762 2367797 22 15 0 0 0 0 0 15 7 0
12.91 3607148990 2386507 22 15 0 0 0 0 0 15 7 0
12.99 3636618384 2406000 22 15 0 0 0 0 0 15 7 0
13.06 3661961196 2422766 22 15 0 0 0 0 0 15 7 0
13.14 3690923092 2441922 22 15 0 0 0 0 0 15 7 0
13.21 3717447664 2459480 22 15 0 0 0 0 0 15 7 0
13.28 3748413858 2479961 22 15 0 0 0 0 0 15 7 0
13.36 3777231102 2499027 22 15 0 0 0 0 0 15 7 0
13.43 3805034124 2517422 22 15 0 0 0 0 0 15 7 0
13.51 3831025510 2534619 22 15 0 0 0 0 0 15 7 0
13.58 3859975522 2553765 22 15 0 0 0 0 0 15 7 0
13.65 3885046982 2570359 22 15 0 0 0 0 0 15 7 0
13.73 3913469684 2589162 22 15 0 0 0 0 0 15 7 0
13.80 3944716336 2609832 22 15 0 0 0 0 0 15 7 0
13.88 3972351682 2628113 22 15 0 0 0 0 0 15 7 0
13.95 4000581952 2646788 22 15 0 1514 0 0 0 15 7 0
14.03 4030146438 2666347 22 15 0 0 0 0 0 15 7 0
14.10 4055872844 2683366 22 15 0 0 0 0 0 15 7 0
14.17 4084568120 2702348 22 15 0 0 0 0 0 15 7 0
14.25 4110522552 2719520 22 15 0 0 0 0 0 15 7 0
14.32 4139681332 2738810 22 15 0 0 0 0 0 15 7 0
14.40 4167127818 2756965 22 15 0 0 0 0 0 15 7 0
14.47 4197735838 2777215 22 15 0 0 0 0 0 15 7 0
14.55 4224880002 2795173 22 15 0 0 0 0 0 15 7 0
14.62 4251473494 2812767 22 15 0 0 0 0 0 15 7 0
14.69 4284162656 2834388 480 473 0 0 0 0 0 473 7 0
14.77 4311691478 2852591 480 473 0 0 0 0 0 473 7 0
14.84 4338135888 2870088 480 473 0 0 0 0 0 473 7 0
14.92 4369746440 2890992 480 473 0 0 0 0 0 473 7 0
14.99 4398844840 2910244 480 473 0 0 0 0 0 473 7 0
15.06 4434536828 2933850 480 473 0 0 0 0 0 473 7 0
15.14 4463222868 2952826 480 473 0 0 0 0 0 473 7 0
15.21 4491302186 2971405 480 473 0 0 0 0 0 473 7 0
15.29 4519482510 2990047 480 473 0 0 0 0 0 473 7 0
15.36 4547741030 3008743 480 473 0 0 0 0 0 473 7 0
15.44 4578720306 3029233 480 473 0 0 0 0 0 473 7 0
15.51 4607521726 3048279 480 473 0 0 0 0 0 473 7 0
15.58 4634104568 3065864 480 473 0 0 0 0 0 473 7 0
15.66 4663777978 3085497 480 473 0 0 0 0 0 473 7 0
15.73 4693227212 3104978 480 473 0 0 0 0 0 473 7 0
15.81 4722613628 3124418 480 473 0 0 0 0 0 473 7 0
15.88 4750842488 3143096 480 473 0 0 0 0 0 473 7 0
15.96 4777895392 3160988 480 473 0 0 0 0 0 473 7 0
16.03 4806559800 3179952 480 473 0 0 0 0 0 473 7 0
16.10 4832774652 3197298 480 473 0 0 0 0 0 473 7 0
16.18 4865263044 3218790 480 473 0 0 0 0 0 473 7 0
16.25 4893409228 3237414 480 473 0 0 1 0 0 473 7 0
16.33 4922601674 3256725 480 473 0 0 0 0 0 473 7 0
16.40 4948014848 3273536 480 473 0 0 0 0 0 473 7 0
16.47 4976047964 3292078 480 473 0 0 0 0 0 473 7 0
16.55 5007768358 3313059 480 473 0 0 0 0 0 473 7 0
16.62 5035688628 3331530 480 473 0 0 0 0 0 473 7 0
16.70 5060577974 3347995 480 473 0 0 0 0 0 473 7 0
16.77 5090173960 3367572 480 473 0 0 0 0 0 473 7 0
16.85 5119004680 3386644 480 473 0 0 0 0 0 473 7 0
16.92 5144906176 3403780 480 473 0 0 0 0 0 473 7 0
16.99 5174962832 3423664 480 473 0 0 0 0 0 473 7 0
17.07 5201276124 3441070 484 477 0 0 0 0 0 477 7 0
17.14 5229770002 3459921 484 477 0 0 0 0 0 477 7 0
17.22 5256749346 3477769 484 477 0 0 0 0 0 477 7 0
17.29 5286040748 3497146 484 477 0 0 0 0 0 477 7 0
17.37 5309190110 3512471 484 477 0 0 0 0 0 477 7 0
17.44 5338403594 3531797 484 477 0 0 0 0 0 477 7 0
17.51 5370378986 3552941 484 477 0 0 0 0 0 477 7 0
17.59 5400051638 3572571 484 477 0 0 0 0 0 477 7 0
17.66 5427121354 3590481 484 477 0 0 0 0 0 477 7 0
17.74 5455617800 3609332 484 477 0 0 0 0 0 477 7 0
17.81 5483462704 3627760 484 477 0 0 0 0 0 477 7 0
17.88 5513073984 3647348 484 477 0 0 0 0 0 477 7 0
17.96 5538670960 3664284 484 477 0 0 0 0 0 477 7 0
18.03 5569743880 3684840 484 477 0 0 0 0 0 477 7 0
18.11 5596974364 3702858 484 477 0 0 0 0 0 477 7 0
18.18 5624781304 3721256 484 477 0 0 0 0 0 477 7 0
18.26 5654697234 3741041 484 477 0 0 0 0 0 477 7 0
18.33 5682661256 3759540 484 477 0 0 0 0 0 477 7 0
18.40 5711417146 3778565 484 477 0 0 0 0 0 477 7 0
18.48 5741751534 3798631 484 477 0 0 0 0 0 477 7 0
18.55 5768354160 3816232 484 477 0 0 0 0 0 477 7 0
18.63 5795730500 3834342 484 477 0 0 0 0 0 477 7 0
18.70 5822702398 3852191 484 477 0 0 0 0 0 477 7 0
18.78 5852214754 3871713 484 477 0 0 0 0 0 477 7 0
18.85 5883484186 3892399 484 477 0 0 0 0 0 477 7 0
18.92 5912777692 3911780 484 477 0 0 0 0 0 477 7 0
19.00 5936770926 3927657 484 477 0 0 0 0 0 477 7 0
19.07 5967140556 3947740 484 477 0 0 0 0 0 477 7 0
19.15 5994596422 3965901 484 477 0 0 0 0 0 477 7 0
19.22 6020989404 3983364 484 477 0 0 0 0 0 477 7 0
19.29 6049762796 4002400 484 477 0 0 0 0 0 477 7 0
19.37 6076399124 4020024 484 477 0 0 0 0 0 477 7 0
19.44 6104758970 4038787 484 477 0 0 0 0 0 477 7 0
19.52 6134832638 4058681 484 477 0 0 0 0 0 477 7 0
19.59 6164552454 4078345 484 477 0 0 0 0 0 477 7 0
19.67 6191892182 4096433 484 477 0 0 0 0 0 477 7 0
19.74 6225526000 4118682 484 477 0 0 0 0 0 477 7 0
19.81 6254854626 4138079 484 477 0 0 0 0 0 477 7 0
19.89 6283001696 4156698 484 477 0 1514 0 0 0 477 7 0
19.96 6315200742 4178005 484 477 0 0 0 0 0 477 7 0
20.04 6344763356 4197556 484 477 0 0 0 0 0 477 7 0
20.11 6373621638 4216649 484 477 0 0 0 0 0 477 7 0
20.19 6398846502 4233337 484 477 0 0 0 0 0 477 7 0
20.26 6426939694 4251925 484 477 0 0 0 0 0 477 7 0
20.33 6455047176 4270518 484 477 0 0 0 0 0 477 7 0
20.41 6483447452 4289304 484 477 0 0 0 0 0 477 7 0
20.48 6509091078 4306273 484 477 0 0 0 0 0 477 7 0
20.56 6538018138 4325415 484 477 0 0 0 0 0 477 7 0
20.63 6568763650 4345755 484 477 0 0 0 0 0 477 7 0
20.70 6595071422 4363161 484 477 0 0 0 0 0 477 7 0
20.78 6626305308 4383820 484 477 0 0 0 0 0 477 7 0
20.85 6656680188 4403920 484 477 0 0 0 0 0 477 7 0
20.93 6687454024 4424274 484 477 0 0 0 0 0 477 7 0
21.00 6713743782 4441673 484 477 0 0 0 0 0 477 7 0
21.08 6744248908 4461852 484 477 0 0 0 0 0 477 7 0
21.15 6771674140 4479996 484 477 0 0 0 0 0 477 7 0
21.22 6800069452 4498784 484 477 0 0 0 0 0 477 7 0
21.30 6826728636 4516420 484 477 0 0 0 0 0 477 7 0
21.37 6853927778 4534415 484 477 0 0 0 0 0 477 7 0
21.45 6886844348 4556184 484 477 0 0 0 0 0 477 7 0
21.52 6911865578 4572739 484 477 0 0 0 0 0 477 7 0
21.60 6940079752 4591402 484 477 0 0 0 0 0 477 7 0
21.67 6970363936 4611438 484 477 0 0 0 0 0 477 7 0
21.74 6997799528 4629590 484 477 0 0 0 0 0 477 7 0
21.82 7024896464 4647518 484 477 0 0 0 0 0 477 7 0
21.89 7050769542 4664629 484 477 0 0 0 0 0 477 7 0
21.97 7082247092 4685452 484 477 0 0 0 0 0 477 7 0
22.04 7110690632 4704274 484 477 0 0 0 0 0 477 7 0
22.11 7136825074 4721571 484 477 0 0 0 0 0 477 7 0
22.19 7165653020 4740640 484 477 0 0 0 0 0 477 7 0
22.26 7197055068 4761416 484 477 0 0 0 0 0 477 7 0
22.34 7226172706 4780675 484 477 0 0 0 0 0 477 7 0
22.41 7255660894 4800181 484 477 0 0 0 0 0 477 7 0
22.49 7281847916 4817508 484 477 0 0 0 0 0 477 7 0
22.56 7312391072 4837710 484 477 0 0 0 0 0 477 7 0
22.63 7338387058 4854911 484 477 0 0 0 0 0 477 7 0
22.71 7371596390 4876877 484 477 0 0 0 0 0 477 7 0
22.78 7399751806 4895497 484 477 0 0 0 0 0 477 7 0
22.86 7429190082 4914971 484 477 0 0 0 0 0 477 7 0
22.93 7456617078 4933117 484 477 0 0 0 0 0 477 7 0
23.01 7483813790 4951109 484 477 0 0 0 0 0 477 7 0
23.08 7509107714 4967847 484 477 0 0 0 0 0 477 7 0
23.15 7540009360 4988286 484 477 0 0 0 0 0 477 7 0
23.23 7567140388 5006236 484 477 0 0 0 0 0 477 7 0
23.30 7593163590 5023453 484 477 0 0 0 0 0 477 7 0
23.38 7624212754 5043991 484 477 0 0 0 0 0 477 7 0
23.45 7652985252 5063028 484 477 0 0 0 0 0 477 7 0
23.52 7680838506 5081455 484 477 0 0 0 0 0 477 7 0
23.60 7709275708 5100264 484 477 0 0 0 0 0 477 7 0
23.67 7738808528 5119802 484 477 0 0 0 0 0 477 7 0
23.75 7766316988 5138000 484 477 0 0 0 0 0 477 7 0
23.82 7794385922 5156571 484 477 0 0 0 0 0 477 7 0
23.90 7823628968 5175918 484 477 0 0 0 0 0 477 7 0
23.97 7849291030 5192897 484 477 0 0 0 0 0 477 7 0
24.04 7882762892 5215032 484 477 0 0 0 0 0 477 7 0
24.12 7909858268 5232956 484 477 0 0 0 0 0 477 7 0
24.19 7938942256 5252198 484 477 0 0 0 0 0 477 7 0
24.27 7967548030 5271125 484 477 0 0 0 0 0 477 7 0
24.34 7994462836 5288928 484 477 0 0 0 0 0 477 7 0
24.42 8027622414 5310861 484 477 0 0 0 0 0 477 7 0
24.49 8063731324 5334752 484 477 0 0 0 0 0 477 7 0
24.56 8091211238 5352933 484 477 0 0 0 0 0 477 7 0
24.64 8117690276 5370456 484 477 0 0 0 0 0 477 7 0
24.71 8148295594 5390703 484 477 0 0 0 0 0 477 7 0
24.79 8175369494 5408617 484 477 0 0 0 0 0 477 7 0
24.86 8207679092 5429988 484 477 0 0 0 0 0 477 7 0
24.93 8235488416 5448390 484 477 0 0 0 0 0 477 7 0
25.01 8268142362 5469995 484 477 0 0 0 0 0 477 7 0
25.08 8295767424 5488270 484 477 0 0 0 0 0 477 7 0
25.16 8327128750 5509017 484 477 0 0 0 0 0 477 7 0
25.23 8355648698 5527883 484 477 0 0 0 0 0 477 7 0
25.31 8382875100 5545896 484 477 0 0 0 0 0 477 7 0
25.38 8416225144 5567958 484 477 0 0 0 0 0 477 7 0
25.45 8442286952 5585202 484 477 0 0 0 0 0 477 7 0
25.53 8468559760 5602582 484 477 0 0 0 0 0 477 7 0
25.60 8504203464 5626158 484 477 0 0 0 0 0 477 7 0
25.68 8538176750 5648633 484 477 0 0 0 0 0 477 7 0
25.75 8565984782 5667033 484 477 0 0 0 0 0 477 7 0
25.83 8594098162 5685631 484 477 0 0 0 0 0 477 7 0
25.90 8620614722 5703171 484 477 0 0 0 0 0 477 7 0
25.97 8647514494 5720969 484 477 0 0 0 0 0 477 7 0
26.05 8674014728 5738498 484 477 0 0 0 0 0 477 7 0
26.12 8704008300 5758344 484 477 0 0 0 0 0 477 7 0
26.20 8730334328 5775762 484 477 0 0 0 0 0 477 7 0
26.27 8756728272 5793222 484 477 0 0 0 0 0 477 7 0
26.34 8787724070 5813729 484 477 0 0 0 0 0 477 7 0
26.42 8815560726 5832141 484 477 0 0 0 0 0 477 7 0
26.49 8842015278 5849645 484 477 0 0 0 0 0 477 7 0
26.57 8870704022 5868629 484 477 0 0 0 0 0 477 7 0
26.64 8897112724 5886100 484 477 0 0 0 0 0 477 7 0
26.72 8926320222 5905421 484 477 0 0 0 0 0 477 7 0
26.79 8952333516 5922636 484 477 0 0 0 0 0 477 7 0
26.86 8978392102 5939877 484 477 0 0 0 0 0 477 7 0
26.94 9011045484 5961476 484 477 0 0 0 0 0 477 7 0
27.01 9041592320 5981686 484 477 0 0 0 0 0 477 7 0
27.09 9070010410 6000483 484 477 0 0 0 0 0 477 7 0
27.16 9098399230 6019265 484 477 0 0 0 0 0 477 7 0
27.24 9124681338 6036651 484 477 0 0 0 0 0 477 7 0
27.31 9160258650 6060195 484 477 0 0 0 0 0 477 7 0
27.38 9193998802 6082515 484 477 0 0 0 0 0 477 7 0
27.46 9223509308 6102040 484 477 0 0 0 0 0 477 7 0
27.53 9253328252 6121764 484 477 0 0 0 0 0 477 7 0
27.61 9278689992 6138538 484 477 0 0 0 0 0 477 7 0
27.68 9305767710 6156453 484 477 0 0 0 0 0 477 7 0
27.75 9333439366 6174757 484 477 0 0 0 0 0 477 7 0
27.83 9361468446 6193297 484 477 0 0 0 0 0 477 7 0
27.90 9385910208 6209462 484 477 0 0 0 0 0 477 7 0
27.98 9416175452 6229480 484 477 0 0 0 0 0 477 7 0
28.05 9445271010 6248727 484 477 0 0 0 0 0 477 7 0
28.13 9473528192 6267414 484 477 0 0 0 0 0 477 7 0
28.20 9504955152 6288206 484 477 0 0 0 0 0 477 7 0
28.27 9542572456 6313086 484 477 0 0 0 0 0 477 7 0
28.35 9572950608 6333182 484 477 0 0 0 0 0 477 7 0
28.42 9601209742 6351869 484 477 0 0 0 0 0 477 7 0
28.50 9627069210 6368975 484 477 0 0 0 0 0 477 7 0
28.57 9653524060 6386476 484 477 0 0 0 0 0 477 7 0
28.65 9679943286 6403957 484 477 0 0 0 0 0 477 7 0
28.72 9708383254 6422765 484 477 0 0 0 0 0 477 7 0
28.79 9739470812 6443324 484 477 0 0 0 0 0 477 7 0
28.87 9767515490 6461871 484 477 0 0 0 0 0 477 7 0
28.94 9795488968 6480374 484 477 0 0 0 0 0 477 7 0
29.02 9836712300 6507636 484 477 0 0 0 0 0 477 7 0
29.09 9864975490 6526327 484 477 0 0 0 0 0 477 7 0
29.16 9899038362 6548859 484 477 0 0 0 0 0 477 7 0
29.24 9927450434 6567655 484 477 0 0 0 0 0 477 7 0
29.31 9965298176 6592686 484 477 0 0 0 0 0 477 7 0
29.39 9995275196 6612512 484 477 0 0 0 0 0 477 7 0
29.46 10022900896 6630786 484 477 0 0 0 0 0 477 7 0
29.54 10051055340 6649408 484 477 0 1514 0 0 0 477 7 0
29.61 10079544426 6668251 484 477 0 0 0 0 0 477 7 0
29.68 10110121492 6688476 484 477 0 0 0 0 0 477 7 0
29.76 10141505248 6709230 484 477 0 0 0 0 0 477 7 0
29.83 10170155332 6728180 484 477 0 0 0 0 0 477 7 0
29.91 10196207224 6745410 484 477 0 0 0 0 0 477 7 0
29.98 10235447694 6771365 484 477 0 0 0 0 0 477 7 0
30.06 10265583228 6791296 484 477 0 0 0 0 0 477 7 0
30.13 10292316686 6808977 484 477 0 0 0 0 0 477 7 0
30.20 10320053318 6827317 484 477 0 0 0 0 0 477 7 0
30.28 10349535924 6846820 484 477 0 0 0 0 0 477 7 0
30.35 10380531788 6867320 484 477 0 0 0 0 0 477 7 0
30.43 10411691756 6887928 484 477 0 0 0 0 0 477 7 0
30.50 10438194756 6905456 484 477 0 0 0 0 0 477 7 0
30.57 10463861750 6922437 484 477 0 0 0 0 0 477 7 0
30.65 10490779700 6940244 484 477 0 0 0 0 0 477 7 0
30.72 10517602426 6957991 484 477 0 0 0 0 0 477 7 0
30.80 10545593546 6976503 484 477 0 0 0 0 0 477 7 0
30.87 10573817990 6995169 484 477 0 0 0 0 0 477 7 0
30.95 10605680686 7016237 484 477 0 0 0 0 0 477 7 0
31.02 10635658508 7036064 484 477 0 0 0 0 0 477 7 0
31.09 10665075670 7055521 484 477 0 0 0 0 0 477 7 0
31.17 10692642166 7073753 484 477 0 0 0 0 0 477 7 0
31.24 10721497564 7092840 484 477 0 0 0 0 0 477 7 0
31.32 10750936338 7112311 484 477 0 0 0 0 0 477 7 0
31.39 10778413210 7130483 484 477 0 0 0 0 0 477 7 0
31.47 10811320810 7152247 484 477 0 0 0 0 0 477 7 0
31.54 10839723554 7171031 484 477 0 0 0 0 0 477 7 0
31.61 10868803734 7190265 484 477 0 0 0 0 0 477 7 0
31.69 10901076986 7211615 484 477 0 0 0 0 0 477 7 0
31.76 10930929194 7231359 484 477 0 0 0 0 0 477 7 0
31.84 10957457840 7248914 484 477 0 0 0 0 0 477 7 0
31.91 10988245550 7269273 484 477 0 0 0 0 0 477 7 0
31.98 11020997052 7290932 484 477 0 0 0 0 0 477 7 0
32.06 11051947614 7311401 484 477 0 0 0 0 0 477 7 0
32.13 11082395030 7331541 484 477 0 0 0 0 0 477 7 0
32.21 11110880366 7350385 484 477 0 0 0 0 0 477 7 0
32.28 11137505374 7367993 484 477 0 0 0 0 0 477 7 0
32.36 11166577762 7387219 484 477 0 1514 0 0 0 477 7 0
32.43 11193959552 7405330 484 477 0 0 0 0 0 477 7 0
32.50 11222133288 7423966 484 477 0 0 0 0 0 477 7 0
32.58 11252162568 7443830 484 477 0 0 0 0 0 477 7 0
32.65 11286704856 7466678 484 477 0 0 0 0 0 477 7 0
32.73 11317243804 7486876 484 477 0 0 0 0 0 477 7 0
32.80 11341874044 7503172 484 477 0 0 0 0 0 477 7 0
32.88 11373013588 7523768 484 477 0 0 0 0 0 477 7 0
32.95 11402982618 7543587 484 477 0 0 0 0 0 477 7 0
33.02 11431751108 7562616 484 477 0 0 0 0 0 477 7 0
33.10 11460531080 7581650 484 477 0 0 0 0 0 477 7 0
33.17 11487513196 7599492 484 477 0 0 0 0 0 477 7 0
33.25 11515477102 7617985 484 477 0 0 0 0 0 477 7 0
33.32 11543968524 7636832 484 477 0 0 0 0 0 477 7 0
33.39 11576134976 7658114 484 477 0 0 0 0 0 477 7 0
33.47 11614256270 7683325 484 477 0 0 0 0 0 477 7 0
33.54 11643971800 7702974 484 477 0 0 0 0 0 477 7 0
33.62 11677282294 7725009 484 477 0 0 0 0 0 477 7 0
33.69 11702931436 7741976 484 477 0 0 0 0 0 477 7 0
33.77 11740577904 7766870 484 477 0 0 0 0 0 477 7 0
33.84 11772312646 7787861 484 477 0 0 0 0 0 477 7 0
33.91 11799433846 7805797 484 477 0 0 0 0 0 477 7 0
33.99 11829915970 7825963 484 477 0 0 0 0 0 477 7 0
34.06 11858547364 7844900 484 477 0 0 0 0 0 477 7 0
34.14 11884873726 7862313 484 477 0 0 0 0 0 477 7 0
34.21 11921451512 7886510 484 477 0 0 0 0 0 477 7 0
34.29 11950477468 7905704 484 477 0 0 0 0 0 477 7 0
34.36 11980459914 7925535 484 477 0 0 0 0 0 477 7 0
34.43 12015693450 7948835 484 477 0 0 0 0 0 477 7 0
34.51 12048130598 7970285 484 477 0 0 0 0 0 477 7 0
34.58 12075912292 7988660 484 477 0 0 0 0 0 477 7 0
34.66 12103211500 8006716 484 477 0 0 0 0 0 477 7 0
34.73 12130495282 8024763 484 477 0 0 0 0 0 477 7 0
34.80 12161166634 8045047 484 477 0 0 0 0 0 477 7 0
34.88 12195746200 8067922 484 477 0 0 0 0 0 477 7 0
34.95 12224935346 8087227 484 477 0 0 0 0 0 477 7 0
35.03 12253954630 8106421 484 477 0 0 0 0 0 477 7 0
35.10 12282965194 8125607 484 477 0 0 0 0 0 477 7 0
35.18 12310950334 8144117 484 477 0 0 0 0 0 477 7 0
35.25 12346638208 8167722 484 477 0 0 0 0 0 477 7 0
35.32 12372826904 8185046 484 477 0 0 0 0 0 477 7 0
35.40 12397185656 8201158 484 477 0 0 0 0 0 477 7 0
35.47 12437650112 8227918 484 477 0 0 0 0 0 477 7 0
35.55 12464504454 8245685 484 477 0 0 0 0 0 477 7 0
35.62 12492939258 8264491 484 477 0 0 0 0 0 477 7 0
35.70 12519193656 8281854 484 477 0 0 0 0 0 477 7 0
35.77 12548811858 8301443 484 477 0 0 0 0 0 477 7 0
35.84 12578572566 8321125 484 477 0 0 0 0 0 477 7 0
35.92 12603519940 8337632 484 477 0 0 0 0 0 477 7 0
35.99 12635361940 8358688 484 477 0 1514 1 0 0 477 7 0
36.07 12670396704 8381858 484 477 0 0 0 0 0 477 7 0
36.14 12699606456 8401174 484 477 0 0 0 0 0 477 7 0
36.21 12735211056 8424722 484 477 0 0 0 0 0 477 7 0
36.29 12764096410 8443827 484 477 0 0 0 0 0 477 7 0
36.36 12798855182 8466817 484 477 0 0 0 0 0 477 7 0
36.44 12827210480 8485570 484 477 0 0 0 0 0 477 7 0
36.51 12858517336 8506274 484 477 0 0 0 0 0 477 7 0
36.59 12888043610 8525807 484 477 0 0 0 0 0 477 7 0
36.66 12919492002 8546607 484 477 0 0 0 0 0 477 7 0
36.73 12948229228 8565608 484 477 0 0 0 0 0 477 7 0
36.81 12975777908 8583832 484 477 0 0 0 0 0 477 7 0
36.88 13003516226 8602179 484 477 0 0 0 0 0 477 7 0
36.96 13037416394 8624599 484 477 0 0 0 0 0 477 7 0
37.03 13065307216 8643050 484 477 0 0 0 0 0 477 7 0
37.11 13092867540 8661280 484 477 0 0 0 0 0 477 7 0
37.18 13121968102 8680529 484 477 0 0 0 0 0 477 7 0
37.25 13158670724 8704804 484 477 0 0 0 0 0 477 7 0
37.33 13187266668 8723724 484 477 0 0 0 0 0 477 7 0
37.40 13216842894 8743285 484 477 0 0 0 0 0 477 7 0
37.48 13245074310 8761957 484 477 0 0 0 0 0 477 7 0
37.55 13272805752 8780298 484 477 0 0 0 0 0 477 7 0
37.62 13303154312 8800370 484 477 0 0 0 0 0 477 7 0
37.70 13332153850 8819551 484 477 0 0 0 0 0 477 7 0
37.77 13362021666 8839307 484 477 0 0 0 0 0 477 7 0
37.85 13391203934 8858609 484 477 0 0 0 0 0 477 7 0
37.92 13424124846 8880385 484 477 0 0 0 0 0 477 7 0
38.00 13452752330 8899315 484 477 0 0 0 0 0 477 7 0
38.07 13484990340 8920640 484 477 0 0 0 0 0 477 7 0
38.14 13517570510 8942189 484 477 0 0 0 0 0 477 7 0
38.22 13548267558 8962493 484 477 0 0 0 0 0 477 7 0
38.29 13580813450 8984015 484 477 0 0 0 0 0 477 7 0
38.37 13610336640 9003542 484 477 0 0 0 0 0 477 7 0
38.44 13642192896 9024610 484 477 0 0 0 0 0 477 7 0
38.52 13674350392 9045870 484 477 0 0 0 0 0 477 7 0
38.59 13702856414 9064729 484 477 0 0 0 0 0 477 7 0
38.66 13733088182 9084725 484 477 0 0 0 0 0 477 7 0
38.74 13773786968 9111646 484 477 0 0 0 0 0 477 7 0
38.81 13805437404 9132580 484 477 0 0 0 0 0 477 7 0
38.89 13843309194 9157623 484 477 0 0 1 0 0 477 7 0
38.96 13881257632 9182722 484 477 0 0 0 0 0 477 7 0
39.03 13916971378 9206347 484 477 0 0 0 0 0 477 7 0
39.11 13955791164 9232024 484 477 0 0 0 0 0 477 7 0
39.18 13983923574 9250625 484 477 0 0 0 0 0 477 7 0
39.26 14010413760 9268146 484 477 0 0 0 0 0 477 7 0
39.33 14038277496 9286578 484 477 0 0 0 0 0 477 7 0
39.41 14067965782 9306217 484 477 0 0 0 0 0 477 7 0
39.48 14093504424 9323110 484 477 0 0 0 0 0 477 7 0
39.55 14121557196 9341660 484 477 0 0 0 0 0 477 7 0
39.63 14151556890 9361503 484 477 0 0 0 0 0 477 7 0
39.70 14187263348 9385112 484 477 0 0 0 0 0 477 7 0
39.78 14216086122 9404179 484 477 0 0 0 0 0 477 7 0
39.85 14242495704 9421644 484 477 0 0 0 0 0 477 7 0
39.93 14284507908 9449430 484 477 0 0 0 0 0 477 7 0
40.00 14318621502 9471991 484 477 0 0 0 0 0 477 7 0
40.07 14348591714 9491809 484 477 0 0 0 0 0 477 7 0
40.15 14380559384 9512952 484 477 0 0 0 0 0 477 7 0
40.22 14410578718 9532807 484 477 0 0 0 0 0 477 7 0
40.30 14437627106 9550697 484 477 0 0 0 0 0 477 7 0
40.37 14463673098 9567921 484 477 0 0 0 0 0 477 7 0
40.44 14492699576 9587124 484 477 0 0 0 0 0 477 7 0
40.52 14521473126 9606155 484 477 0 0 0 0 0 477 7 0
40.59 14555946420 9628954 484 477 0 0 0 0 0 477 7 0
40.67 14590362342 9651715 484 477 0 0 0 0 0 477 7 0
40.74 14617680480 9669788 484 477 0 0 0 0 0 477 7 0
40.82 14645910920 9688452 484 477 0 0 0 0 0 477 7 0
40.89 14674862052 9707598 484 477 0 0 0 0 0 477 7 0
40.96 14701454322 9725185 484 477 0 0 0 0 0 477 7 0
41.04 14730558898 9744437 484 477 0 0 0 0 0 477 7 0
41.11 14758677002 9763033 484 477 0 0 0 0 0 477 7 0
41.19 14788331536 9782652 484 477 0 0 0 0 0 477 7 0
41.26 14818216950 9802415 484 477 0 0 0 0 0 477 7 0
41.34 14866032182 9834039 484 477 0 0 0 0 0 477 7 0
41.41 14895283508 9853386 484 477 0 0 0 0 0 477 7 0
41.48 14922248568 9871224 484 477 0 0 0 0 0 477 7 0
41.56 14948986210 9888913 484 477 0 0 0 0 0 477 7 0
41.63 14984408796 9912342 484 477 0 0 0 0 0 477 7 0
41.71 15011458462 9930235 484 477 0 0 0 0 0 477 7 0
41.78 15037826100 9947678 484 477 0 0 0 0 0 477 7 0
41.85 15067112400 9967048 484 477 0 0 0 0 0 477 7 0
41.93 15103181200 9990904 484 477 0 0 0 0 0 477 7 0
42.00 15138240394 10014097 484 477 0 0 0 0 0 477 7 0
42.08 15167707582 10033583 484 477 0 0 0 0 0 477 7 0
42.15 15194596004 10051370 484 477 0 0 0 0 0 477 7 0
42.23 15231137536 10075536 484 477 0 0 0 0 0 477 7 0
42.30 15255195848 10091452 484 477 0 0 0 0 0 477 7 0
42.37 15286875978 10112401 484 477 0 0 0 0 0 477 7 0
42.45 15313956804 10130314 484 477 0 0 0 0 0 477 7 0
42.52 15349990672 10154144 484 477 0 0 0 0 0 477 7 0
42.60 15379266752 10173508 484 477 0 0 0 0 0 477 7 0
42.67 15406728740 10191670 484 477 0 0 0 0 0 477 7 0
42.75 15431643986 10208153 484 477 0 0 0 0 0 477 7 0
42.82 15459729736 10226732 484 477 0 0 0 0 0 477 7 0
42.89 15488738146 10245917 484 477 0 0 0 0 0 477 7 0
42.97 15517835920 10265160 484 477 0 0 0 0 0 477 7 0
43.04 15544764432 10282976 484 477 0 0 0 0 0 477 7 0
43.12 15571170486 10300447 484 477 0 0 0 0 0 477 7 0
43.19 15601480068 10320490 484 477 0 0 0 0 0 477 7 0
43.26 15631835220 10340566 484 477 0 0 0 0 0 477 7 0
43.34 15663254802 10361349 484 477 0 0 0 0 0 477 7 0
43.41 15689644726 10378803 484 477 0 0 0 0 0 477 7 0
43.49 15717389704 10397152 484 477 0 0 0 0 0 477 7 0
43.56 15744743738 10415249 484 477 0 0 0 0 0 477 7 0
43.64 15772180044 10433398 484 477 0 0 0 0 0 477 7 0
43.71 15810560386 10458785 484 477 0 0 0 0 0 477 7 0
43.78 15837971822 10476915 484 477 0 0 0 0 0 477 7 0
43.86 15870551954 10498465 484 477 0 1514 0 0 0 477 7 0
43.93 15902988348 10519918 484 477 0 0 0 0 0 477 7 0
44.01 15931566478 10538819 484 477 0 0 0 0 0 477 7 0
44.08 15960114790 10557703 484 477 0 0 0 0 0 477 7 0
44.16 15987771278 10575995 484 477 0 0 0 0 0 477 7 0
44.23 16016083164 10594718 484 477 0 0 0 0 0 477 7 0
44.30 16042510926 10612199 484 477 0 0 0 0 0 477 7 0
44.38 16071596202 10631433 484 477 0 0 0 0 0 477 7 0
44.45 16100643404 10650642 484 477 0 0 0 0 0 477 7 0
44.53 16142708496 10678468 484 477 0 0 0 0 0 477 7 0
44.60 16178275566 10701995 484 477 0 0 0 0 0 477 7 0
44.67 16212070940 10724346 484 477 0 0 0 0 0 477 7 0
44.75 16239368110 10742403 484 477 0 0 0 0 0 477 7 0
44.82 16263495810 10758361 484 477 0 0 0 0 0 477 7 0
44.90 16289499206 10775559 484 477 0 0 0 0 0 477 7 0
44.97 16320790664 10796256 484 477 0 0 0 0 0 477 7 0
45.05 16349748508 10815410 484 477 0 0 0 0 0 477 7 0
45.12 16378445602 10834393 484 477 0 0 0 0 0 477 7 0
45.19 16413848140 10857798 484 477 0 0 0 0 0 477 7 0
45.27 16443527712 10877428 484 477 0 0 0 0 0 477 7 0
45.34 16476193734 10899027 484 477 0 0 0 0 0 477 7 0
45.42 16511930928 10922664 484 477 0 0 0 0 0 477 7 0
45.49 16541103608 10941960 484 477 0 0 0 0 0 477 7 0
45.57 16568352014 10959983 484 477 0 0 0 0 0 477 7 0
45.64 16612724132 10989334 484 477 0 0 0 0 0 477 7 0
45.71 16644288120 11010208 484 477 0 0 0 0 0 477 7 0
45.79 16670736018 11027701 484 477 0 0 0 0 0 477 7 0
45.86 16698389890 11045993 484 477 0 0 0 0 0 477 7 0
45.94 16725345790 11063827 484 477 0 0 0 0 0 477 7 0
46.01 16753769186 11082629 484 477 0 0 0 0 0 477 7 0
46.08 16783011916 11101970 484 477 0 0 0 0 0 477 7 0
46.16 16813362212 11122050 484 477 0 0 0 0 0 477 7 0
46.23 16844610868 11142718 484 477 0 0 0 0 0 477 7 0
46.31 16873704756 11161962 484 477 0 0 0 0 0 477 7 0
46.38 16902207934 11180811 484 477 0 0 0 0 0 477 7 0
46.46 16930789610 11199713 484 477 0 0 0 0 0 477 7 0
46.53 16960216126 11219175 484 477 0 0 0 0 0 477 7 0
46.60 16988271776 11237732 484 477 0 0 0 0 0 477 7 0
46.68 17021534124 11259734 484 477 0 0 0 0 0 477 7 0
46.75 17053823010 11281089 484 477 0 0 0 0 0 477 7 0
46.83 17083822550 11300931 484 477 0 0 0 0 0 477 7 0
46.90 17107801602 11316793 484 477 0 0 0 0 0 477 7 0
46.98 17149854998 11344607 484 477 0 0 0 0 0 477 7 0
47.05 17179999994 11364545 484 477 0 0 0 0 0 477 7 0
47.12 17204816814 11380963 484 477 0 0 0 0 0 477 7 0
47.20 17240467634 11404541 484 477 0 0 0 0 0 477 7 0
47.27 17268031232 11422772 484 477 0 0 0 0 0 477 7 0
47.35 17297021262 11441951 484 477 0 0 0 0 0 477 7 0
47.42 17324131286 11459879 484 477 0 0 0 0 0 477 7 0
47.49 17352854206 11478875 484 477 0 0 0 0 0 477 7 0
47.57 17379787612 11496690 484 477 0 0 1 0 0 477 7 0
47.64 17407260294 11514859 484 477 0 0 0 0 0 477 7 0
47.72 17442153932 11537938 484 477 0 0 0 0 0 477 7 0
47.79 17471645882 11557445 484 477 0 0 0 0 0 477 7 0
47.87 17498293856 11575072 484 477 0 0 0 0 0 477 7 0
47.94 17531505666 11597041 484 477 0 0 0 0 0 477 7 0
48.01 17562794326 11617735 484 477 0 0 0 0 0 477 7 0
48.09 17591915204 11636994 484 477 0 0 0 0 0 477 7 0
48.16 17620537500 11655926 484 477 0 0 0 0 0 477 7 0
48.24 17648348176 11674320 484 477 0 0 0 0 0 477 7 0
48.31 17673329006 11690847 484 477 0 0 0 0 0 477 7 0
48.39 17701472982 11709463 484 477 0 0 0 0 0 477 7 0
48.46 17732694478 11730111 484 477 0 0 0 0 0 477 7 0
48.53 17768344134 11753695 484 477 0 0 0 0 0 477 7 0
48.61 17798338560 11773528 484 477 0 0 0 0 0 477 7 0
48.68 17827631680 11792896 484 477 0 0 0 0 0 477 7 0
48.76 17862858740 11816198 484 477 0 0 0 0 0 477 7 0
48.83 17894502190 11837123 484 477 0 0 0 0 0 477 7 0
48.90 17932952540 11862558 484 477 0 0 0 0 0 477 7 0
48.98 17962918562 11882373 484 477 0 0 0 0 0 477 7 0
49.05 17990011530 11900289 484 477 0 0 0 0 0 477 7 0
49.13 18018838632 11919356 484 477 0 0 0 0 0 477 7 0
49.20 18040846560 11933916 484 477 0 0 0 0 0 477 7 0
49.28 18071539266 11954209 484 477 0 0 0 0 0 477 7 0
49.35 18099905358 11972975 484 477 0 0 0 0 0 477 7 0
49.42 18126738326 11990731 484 477 0 0 0 0 0 477 7 0
49.50 18154725044 12009238 484 477 0 0 0 0 0 477 7 0
49.57 18180963240 12026596 484 477 0 0 0 0 0 477 7 0
49.65 18217757332 12050930 484 477 0 0 0 0 0 477 7 0
49.72 18245677658 12069397 484 477 0 0 0 0 0 477 7 0
49.80 18277787200 12090632 484 477 0 0 0 0 0 477 7 0
49.87 18303849478 12107875 484 477 0 0 1 0 0 477 7 0
49.94 18332390848 12126752 484 477 0 0 0 0 0 477 7 0
50.02 18362098104 12146396 484 477 0 0 0 0 0 477 7 0
50.09 18394397548 12167762 484 477 0 0 0 0 0 477 7 0
50.17 18427082272 12189376 484 477 0 0 0 0 0 477 7 0
50.24 18457232418 12209317 484 477 0 0 0 0 0 477 7 0
50.31 18488997944 12230328 484 477 0 0 0 0 0 477 7 0
50.39 18525332618 12254357 484 477 0 0 0 0 0 477 7 0
50.46 18552619618 12272409 484 477 0 0 0 0 0 477 7 0
50.54 18580039918 12290543 484 477 0 0 0 0 0 477 7 0
50.61 18609794330 12310225 484 477 0 0 0 0 0 477 7 0
50.69 18642229026 12331681 484 477 0 0 0 0 0 477 7 0
50.76 18670214896 12350188 484 477 0 0 0 0 0 477 7 0
50.83 18697521854 12368247 484 477 0 0 0 0 0 477 7 0
50.91 18724133826 12385853 484 477 0 0 0 0 0 477 7 0
50.98 18751566074 12403997 484 477 0 0 0 0 0 477 7 0
51.06 18786177284 12426886 484 477 0 0 0 0 0 477 7 0
51.13 18819214544 12448740 484 477 0 0 0 0 0 477 7 0
51.20 18849510348 12468778 484 477 0 0 0 0 0 477 7 0
51.28 18877770270 12487467 484 477 0 0 0 0 0 477 7 0
51.35 18914160478 12511535 484 477 0 0 0 0 0 477 7 0
51.43 18940773426 12529137 484 477 0 0 0 0 0 477 7 0
51.50 18967966040 12547120 484 477 0 0 0 0 0 477 7 0
51.58 18996113134 12565743 484 477 0 0 0 0 0 477 7 0
51.65 19023721150 12584007 484 477 0 0 0 0 0 477 7 0
51.72 19053219656 12603512 484 477 0 0 0 0 0 477 7 0
51.80 19080107348 12621298 484 477 0 0 0 0 0 477 7 0
51.87 19108900416 12640340 484 477 0 0 0 0 0 477 7 0
51.95 19139504098 12660585 484 477 0 0 0 0 0 477 7 0
52.02 19165755792 12677952 484 477 0 0 0 0 0 477 7 0
52.10 19199951514 12700565 484 477 0 0 0 0 0 477 7 0
52.17 19225973744 12717776 484 477 0 0 0 0 0 477 7 0
52.24 19254698496 12736772 484 477 0 0 0 0 0 477 7 0
52.32 19285043986 12756841 484 477 0 0 0 0 0 477 7 0
52.39 19315927364 12777262 568 561 0 0 0 0 0 561 7 0
52.47 19346874318 12797723 568 561 0 0 0 0 0 561 7 0
52.54 19376948538 12817613 568 561 0 0 0 0 0 561 7 0
52.61 19405468270 12836475 568 561 0 0 0 0 0 561 7 0
52.69 19431385770 12853625 568 561 0 0 0 0 0 561 7 0
52.76 19457742878 12871059 568 561 0 0 0 0 0 561 7 0
52.84 19485015260 12889102 568 561 0 0 0 0 0 561 7 0
52.91 19519847062 12912135 568 561 0 0 0 0 0 561 7 0
52.99 19546800072 12929968 568 561 0 0 0 0 0 561 7 0
53.06 19575681950 12949067 568 561 0 0 0 0 0 561 7 0
53.13 19604000990 12967795 568 561 0 0 0 0 0 561 7 0
53.21 19630507972 12985330 568 561 0 0 0 0 0 561 7 0
53.28 19665132308 13008234 568 561 0 0 0 0 0 561 7 0
53.36 19692360280 13026244 568 561 0 0 0 0 0 561 7 0
53.43 19717979532 13043194 568 561 0 0 0 0 0 561 7 0
53.51 19749594382 13064099 568 561 0 0 0 0 0 561 7 0
53.58 19782932726 13086151 568 561 0 0 0 0 0 561 7 0
53.65 19809078096 13103444 568 561 0 0 0 0 0 561 7 0
53.73 19837345814 13122135 568 561 0 0 0 0 0 561 7 0
53.80 19866073404 13141134 568 561 0 1514 0 0 0 561 7 0
53.88 19898454840 13162552 568 561 0 0 0 0 0 561 7 0
53.95 19926094168 13180836 568 561 0 0 0 0 0 561 7 0
54.02 19954869926 13199863 568 561 0 0 0 0 0 561 7 0
54.10 19980758310 13216987 568 561 0 0 0 0 0 561 7 0
54.17 20029500690 13249217 568 561 0 0 0 0 0 561 7 0
54.25 20056916260 13267354 568 561 0 0 0 0 0 561 7 0
54.32 20082841710 13284503 568 561 0 0 0 0 0 561 7 0
54.40 20115939680 13306392 568 561 0 0 0 0 0 561 7 0
54.47 20143548558 13324651 568 561 0 0 0 0 0 561 7 0
54.54 20172407428 13343738 568 561 0 0 0 0 0 561 7 0
54.62 20200824186 13362537 568 561 0 0 0 0 0 561 7 0
54.69 20227152216 13379952 568 561 0 0 0 0 0 561 7 0
54.77 20263513824 13403996 568 561 0 0 0 0 0 561 7 0
54.84 20290116104 13421596 568 561 0 0 0 0 0 561 7 0
54.92 20317002348 13439382 568 561 0 0 0 0 0 561 7 0
54.99 20349798810 13461077 568 561 0 0 0 0 0 561 7 0
55.06 20378815664 13480268 568 561 0 0 0 0 0 561 7 0
55.14 20405743528 13498080 568 561 0 0 0 0 0 561 7 0
55.21 20436170594 13518205 568 561 0 0 0 0 0 561 7 0
55.29 20463069086 13535991 568 561 0 0 0 0 0 561 7 0
55.36 20496817238 13558311 568 561 0 0 0 0 0 561 7 0
55.43 20529519964 13579942 568 561 0 0 0 0 0 561 7 0
55.51 20564850712 13603312 568 561 0 0 0 0 0 561 7 0
55.58 20602752442 13628377 568 561 0 0 0 0 0 561 7 0
55.66 20630981528 13647052 568 561 0 0 0 0 0 561 7 0
55.73 20658979382 13665575 568 561 0 0 0 0 0 561 7 0
55.81 20693205432 13688212 568 561 0 0 0 0 0 561 7 0
55.88 20719795480 13705800 568 561 0 0 0 0 0 561 7 0
55.95 20747031648 13723816 568 561 0 0 0 0 0 561 7 0
56.03 20774220204 13741802 568 561 0 0 0 0 0 561 7 0
56.10 20802280596 13760354 568 561 0 0 0 0 0 561 7 0
56.18 20831116122 13779425 568 561 0 0 0 0 0 561 7 0
56.25 20860563752 13798904 568 561 0 0 0 0 0 561 7 0
56.33 20893767886 13820867 568 561 0 0 0 0 0 561 7 0
56.40 20922857196 13840106 568 561 0 0 0 0 0 561 7 0
56.47 20950495638 13858387 568 561 0 0 0 0 0 561 7 0
56.55 20978710350 13877051 568 561 0 0 0 0 0 561 7 0
56.62 21004711888 13894248 3777 3770 0 0 0 0 0 3770 7 0
56.70 21004711888 13894248 14784 14777 0 0 0 0 0 14777 7 0
56.77 21004711888 13894248 15649 15642 0 0 0 0 0 15642 7 0
56.84 21004711888 13894248 15787 15780 0 0 0 0 0 15780 7 0
56.92 21004711888 13894248 15800 15793 0 0 0 0 0 15793 7 0
56.99 21004711888 13894248 15807 15800 0 0 0 0 0 15800 7 0
57.07 21004711888 13894248 15807 15800 0 0 0 0 0 15800 7 0
57.14 21004711888 13894248 15807 15800 0 0 0 0 0 15800 7 0
57.22 21004711888 13894248 15808 15801 0 0 0 0 0 15801 7 0
57.29 21004711888 13894248 15824 15817 0 0 0 0 0 15817 7 0
57.36 21004711888 13894248 15827 15820 0 0 0 0 0 15820 7 0
57.44 21004711888 13894248 15827 15820 0 0 0 0 0 15820 7 0
57.51 21004711888 13894248 15827 15820 0 0 0 0 0 15820 7 0
57.59 21004711888 13894248 15827 15820 0 0 0 0 0 15820 7 0
57.66 21004711888 13894248 15827 15820 0 0 0 0 0 15820 7 0
57.74 21004711888 13894248 15827 15820 0 0 0 0 0 15820 7 0
57.81 21004711888 13894248 15827 15820 0 0 0 0 0 15820 7 0
57.88 21004711888 13894248 15827 15820 0 0 0 0 0 15820 7 0
57.96 21004711888 13894248 15833 15826 0 0 0 0 0 15826 7 0
58.03 21004711888 13894248 15846 15839 0 0 0 0 0 15839 7 0
58.11 21004711888 13894248 15847 15840 0 0 0 0 0 15840 7 0
58.18 21004711888 13894248 15847 15840 0 0 0 0 0 15840 7 0
58.25 21004711888 13894248 15847 15840 0 0 0 0 0 15840 7 0
58.33 21004711888 13894248 15847 15840 0 0 0 0 0 15840 7 0
58.40 21004711888 13894248 15847 15840 0 0 0 0 0 15840 7 0
58.48 21004711888 13894248 15847 15840 0 0 0 0 0 15840 7 0
58.55 21004711888 13894248 15847 15840 0 0 0 0 0 15840 7 0
58.63 21004711888 13894248 15847 15840 0 0 0 0 0 15840 7 0
58.70 21004711888 13894248 15847 15840 0 0 0 0 0 15840 7 0
58.77 21004711888 13894248 15847 15840 0 0 0 0 0 15840 7 0
58.85 21004711888 13894248 15847 15840 0 0 0 0 0 15840 7 0
58.92 21004711888 13894248 15847 15840 0 0 0 0 0 15840 7 0
59.00 21004711888 13894248 15847 15840 0 0 0 0 0 15840 7 0
59.07 21004711888 13894248 15847 15840 0 0 0 0 0 15840 7 0
59.15 21004711888 13894248 15847 15840 0 0 0 0 0 15840 7 0
59.22 21004711888 13894248 15847 15840 0 0 0 0 0 15840 7 0
59.29 21004711888 13894248 15847 15840 0 0 0 0 0 15840 7 0
59.37 21004711888 13894248 15856 15849 0 0 0 0 0 15849 7 0
59.44 21004711888 13894248 15866 15859 0 0 0 0 0 15859 7 0
59.52 21004711888 13894248 15866 15859 0 0 0 0 0 15859 7 0
59.59 21004711888 13894248 15866 15859 0 0 0 0 0 15859 7 0
59.66 21004711888 13894248 15866 15859 0 0 0 0 0 15859 7 0
59.74 21004711888 13894248 15867 15860 0 0 0 0 0 15860 7 0
59.81 21004711888 13894248 15867 15860 0 0 0 0 0 15860 7 0
59.89 21004711888 13894248 15867 15860 0 0 0 0 0 15860 7 0
59.96 21004711888 13894248 15867 15860 0 0 0 0 0 15860 7 0
60.04 21004711888 13894248 15867 15860 0 0 0 0 0 15860 7 0
60.11 21004711888 13894248 15867 15860 0 0 0 0 0 15860 7 0
60.18 21004711888 13894248 15867 15860 0 0 0 0 0 15860 7 0
60.26 21004711888 13894248 15867 15860 0 0 0 0 0 15860 7 0
60.33 21004711888 13894248 15867 15860 0 0 0 0 0 15860 7 0
60.41 21004711888 13894248 15867 15860 0 0 0 0 0 15860 7 0
60.48 21004711888 13894248 15867 15860 0 0 0 0 0 15860 7 0
60.56 21004711888 13894248 15867 15860 0 0 0 0 0 15860 7 0
60.63 21004711888 13894248 15867 15860 0 0 0 0 0 15860 7 0
60.70 21004711888 13894248 15867 15860 0 0 0 0 0 15860 7 0
60.78 21004711888 13894248 15867 15860 0 0 0 0 0 15860 7 0
60.85 21004711888 13894248 15867 15860 0 0 0 0 0 15860 7 0
60.93 21004711888 13894248 15867 15860 0 0 0 0 0 15860 7 0
61.00 21004711888 13894248 15867 15860 0 0 0 0 0 15860 7 0
61.07 21004711888 13894248 15867 15860 0 0 0 0 0 15860 7 0
61.15 21004711888 13894248 15867 15860 0 0 0 0 0 15860 7 0
61.22 21004711888 13894248 15867 15860 0 0 0 0 0 15860 7 0
61.30 21004711888 13894248 15867 15860 0 0 0 0 0 15860 7 0
61.37 21004711888 13894248 15867 15860 0 0 0 0 0 15860 7 0
61.45 21004711888 13894248 15867 15860 0 0 0 0 0 15860 7 0
61.52 21004711888 13894248 15867 15860 0 0 0 0 0 15860 7 0
61.59 21004711888 13894248 15867 15860 0 0 0 0 0 15860 7 0
61.67 21004711888 13894248 15867 15860 0 0 0 0 0 15860 7 0
61.74 21004711888 13894248 15867 15860 0 0 0 0 0 15860 7 0
61.82 21004711888 13894248 15867 15860 0 0 0 0 0 15860 7 0
61.89 21004711888 13894248 15867 15860 0 0 0 0 0 15860 7 0
61.97 21004711888 13894248 15867 15860 0 0 0 0 0 15860 7 0
62.04 21004711888 13894248 15867 15860 0 0 0 0 0 15860 7 0
62.11 21004711888 13894248 15867 15860 0 0 0 0 0 15860 7 0
62.19 21004711888 13894248 15867 15860 0 0 0 0 0 15860 7 0
62.26 21004711888 13894248 15886 15879 0 0 0 0 0 15879 7 0
62.34 21004711888 13894248 15886 15879 0 0 0 0 0 15879 7 0
62.41 21004711888 13894248 15886 15879 0 0 0 0 0 15879 7 0
62.48 21004711888 13894248 15886 15879 0 0 0 0 0 15879 7 0
62.56 21004711888 13894248 15886 15879 0 0 0 0 0 15879 7 0
62.63 21004711888 13894248 15886 15879 0 0 0 0 0 15879 7 0
62.71 21004711888 13894248 15886 15879 0 0 0 0 0 15879 7 0
62.78 21004711888 13894248 15886 15879 0 0 0 0 0 15879 7 0
62.86 21004711888 13894248 15887 15880 0 0 0 0 0 15880 7 0
62.93 21004711888 13894248 15887 15880 0 0 0 0 0 15880 7 0
63.00 21004711888 13894248 15887 15880 0 0 0 0 0 15880 7 0
63.08 21004711888 13894248 15887 15880 0 0 0 0 0 15880 7 0
63.15 21004711888 13894248 15887 15880 0 0 0 0 0 15880 7 0
63.23 21004711888 13894248 15887 15880 0 0 0 0 0 15880 7 0
63.30 21004711888 13894248 15887 15880 0 0 0 0 0 15880 7 0
63.38 21004711888 13894248 15887 15880 0 0 0 0 0 15880 7 0
63.45 21004711888 13894248 15887 15880 0 0 0 0 0 15880 7 0
63.52 21004711888 13894248 15887 15880 0 0 0 0 0 15880 7 0
63.60 21004711888 13894248 15887 15880 0 0 0 0 0 15880 7 0
63.67 21004711888 13894248 15887 15880 0 0 0 0 0 15880 7 0
63.75 21004711888 13894248 15887 15880 0 0 0 0 0 15880 7 0
63.82 21004711888 13894248 15887 15880 0 0 0 0 0 15880 7 0
63.89 21004711888 13894248 15887 15880 0 0 0 0 0 15880 7 0
63.97 21004711888 13894248 15887 15880 0 0 0 0 0 15880 7 0
64.04 21004711888 13894248 15887 15880 0 0 0 0 0 15880 7 0
64.12 21004711888 13894248 15887 15880 0 0 0 0 0 15880 7 0
64.19 21004711888 13894248 15887 15880 0 0 0 0 0 15880 7 0
64.27 21004711888 13894248 15887 15880 0 0 0 0 0 15880 7 0
64.34 21004711888 13894248 15887 15880 0 0 0 0 0 15880 7 0
64.41 21004711888 13894248 15887 15880 0 0 0 0 0 15880 7 0
64.49 21004711888 13894248 15887 15880 0 0 0 0 0 15880 7 0
64.56 21004711888 13894248 15887 15880 0 0 0 0 0 15880 7 0
64.64 21004711888 13894248 15887 15880 0 0 0 0 0 15880 7 0
64.71 21004711888 13894248 15887 15880 0 0 0 0 0 15880 7 0
64.79 21004711888 13894248 15887 15880 0 0 0 0 0 15880 7 0
64.86 21004711888 13894248 15887 15880 0 0 0 0 0 15880 7 0
64.93 21004711888 13894248 15887 15880 0 0 0 0 0 15880 7 0
65.01 21004711888 13894248 15887 15880 0 0 0 0 0 15880 7 0
65.08 21004711888 13894248 15887 15880 0 0 0 0 0 15880 7 0
65.16 21004711888 13894248 15887 15880 0 0 0 0 0 15880 7 0
65.23 21004711888 13894248 15887 15880 0 0 0 0 0 15880 7 0
65.30 21004711888 13894248 15887 15880 0 0 0 0 0 15880 7 0
65.38 21004711888 13894248 15887 15880 0 0 0 0 0 15880 7 0
65.45 21004711888 13894248 15887 15880 0 0 0 0 0 15880 7 0
65.53 21004711888 13894248 15887 15880 0 0 0 0 0 15880 7 0
65.60 21004711888 13894248 15887 15880 0 0 0 0 0 15880 7 0
65.68 21004711888 13894248 15887 15880 0 0 0 0 0 15880 7 0
65.75 21004711888 13894248 15887 15880 0 0 0 0 0 15880 7 0
65.82 21004711888 13894248 15887 15880 0 0 0 0 0 15880 7 0
65.90 21004711888 13894248 15887 15880 0 0 0 0 0 15880 7 0
65.97 21004711888 13894248 15887 15880 0 0 0 0 0 15880 7 0
66.05 21004711888 13894248 15887 15880 0 0 0 0 0 15880 7 0
66.12 21004711888 13894248 15887 15880 0 0 0 0 0 15880 7 0
66.20 21004711888 13894248 15887 15880 0 0 0 0 0 15880 7 0
66.27 21004711888 13894248 15887 15880 0 0 0 0 0 15880 7 0
66.34 21004711888 13894248 15887 15880 0 0 0 0 0 15880 7 0
66.42 21004711888 13894248 15887 15880 0 0 0 0 0 15880 7 0
66.49 21004711888 13894248 15887 15880 0 0 0 0 0 15880 7 0
66.57 21004711888 13894248 15887 15880 0 0 0 0 0 15880 7 0
66.64 21004711888 13894248 15887 15880 0 0 0 0 0 15880 7 0
66.71 21004711888 13894248 15887 15880 0 0 0 0 0 15880 7 0
66.79 21004711888 13894248 15887 15880 0 0 0 0 0 15880 7 0
66.86 21004711888 13894248 15887 15880 0 0 0 0 0 15880 7 0
66.94 21004711888 13894248 15887 15880 0 0 0 0 0 15880 7 0
67.01 21004711888 13894248 15887 15880 0 0 0 0 0 15880 7 0
67.09 21004711888 13894248 15887 15880 0 0 0 0 0 15880 7 0
67.16 21004711888 13894248 15887 15880 0 0 0 0 0 15880 7 0
67.23 21004711888 13894248 15887 15880 0 0 0 0 0 15880 7 0
67.31 21004711888 13894248 15887 15880 0 0 0 0 0 15880 7 0
67.38 21004711888 13894248 15887 15880 0 0 0 0 0 15880 7 0
67.46 21004711888 13894248 15887 15880 0 0 0 0 0 15880 7 0
67.53 21004711888 13894248 15887 15880 0 0 0 0 0 15880 7 0
67.61 21004711888 13894248 15887 15880 0 0 0 0 0 15880 7 0
67.68 21004711888 13894248 15887 15880 0 0 0 0 0 15880 7 0
67.75 21004711888 13894248 15887 15880 0 0 0 0 0 15880 7 0
67.83 21004711888 13894248 15887 15880 0 0 0 0 0 15880 7 0
67.90 21004711888 13894248 15906 15899 0 0 0 0 0 15899 7 0
67.98 21004711888 13894248 15906 15899 0 0 0 0 0 15899 7 0
68.05 21004711888 13894248 15906 15899 0 0 0 0 0 15899 7 0
68.12 21004711888 13894248 15906 15899 0 0 0 0 0 15899 7 0
68.20 21004711888 13894248 15906 15899 0 0 0 0 0 15899 7 0
68.27 21004711888 13894248 15906 15899 0 0 0 0 0 15899 7 0
68.35 21004711888 13894248 15906 15899 0 0 0 0 0 15899 7 0
68.42 21004711888 13894248 15906 15899 0 0 0 0 0 15899 7 0
68.50 21004711888 13894248 15906 15899 0 0 0 0 0 15899 7 0
68.57 21004711888 13894248 15906 15899 0 0 0 0 0 15899 7 0
68.64 21004711888 13894248 15906 15899 0 0 0 0 0 15899 7 0
68.72 21004711888 13894248 15906 15899 0 0 0 0 0 15899 7 0
68.79 21004711888 13894248 15906 15899 0 0 0 0 0 15899 7 0
68.87 21004711888 13894248 15906 15899 0 0 0 0 0 15899 7 0
68.94 21004711888 13894248 15906 15899 0 0 0 0 0 15899 7 0
69.02 21004711888 13894248 15907 15900 0 0 0 0 0 15900 7 0
69.09 21004711888 13894248 15907 15900 0 0 0 0 0 15900 7 0
69.16 21004711888 13894248 15907 15900 0 0 0 0 0 15900 7 0
69.24 21004711888 13894248 15907 15900 0 0 0 0 0 15900 7 0
69.31 21004711888 13894248 15907 15900 0 0 0 0 0 15900 7 0
69.39 21004711888 13894248 15907 15900 0 0 0 0 0 15900 7 0
69.46 21004711888 13894248 15907 15900 0 0 0 0 0 15900 7 0
69.53 21004711888 13894248 15907 15900 0 0 0 0 0 15900 7 0
69.61 21004711888 13894248 15907 15900 0 0 0 0 0 15900 7 0
69.68 21004711888 13894248 15907 15900 0 0 0 0 0 15900 7 0
69.76 21004711888 13894248 15907 15900 0 0 0 0 0 15900 7 0
69.83 21004711888 13894248 15907 15900 0 0 0 0 0 15900 7 0
69.91 21004711888 13894248 15907 15900 0 0 0 0 0 15900 7 0
69.98 21004711888 13894248 15907 15900 0 0 0 0 0 15900 7 0
70.05 21004711888 13894248 15907 15900 0 0 0 0 0 15900 7 0
70.13 21004711888 13894248 15907 15900 0 0 0 0 0 15900 7 0
70.20 21004711888 13894248 15907 15900 0 0 0 0 0 15900 7 0
70.28 21004711888 13894248 15907 15900 0 0 0 0 0 15900 7 0
70.35 21004711888 13894248 15907 15900 0 0 0 0 0 15900 7 0
70.43 21004711888 13894248 15907 15900 0 0 0 0 0 15900 7 0
70.50 21004711888 13894248 15907 15900 0 0 0 0 0 15900 7 0
70.57 21004711888 13894248 15907 15900 0 0 0 0 0 15900 7 0
70.65 21004711888 13894248 15907 15900 0 0 0 0 0 15900 7 0
70.72 21004711888 13894248 15907 15900 0 0 0 0 0 15900 7 0
70.80 21004711888 13894248 15907 15900 0 0 0 0 0 15900 7 0
70.87 21004711888 13894248 15907 15900 0 0 0 0 0 15900 7 0
70.94 21004711888 13894248 15907 15900 0 0 0 0 0 15900 7 0
71.02 21004711888 13894248 15907 15900 0 0 0 0 0 15900 7 0
71.09 21004711888 13894248 15907 15900 0 0 0 0 0 15900 7 0
71.17 21004711888 13894248 15907 15900 0 0 0 0 0 15900 7 0
71.24 21004711888 13894248 15907 15900 0 0 0 0 0 15900 7 0
71.32 21004711888 13894248 15907 15900 0 0 0 0 0 15900 7 0
71.39 21004711888 13894248 15927 15920 0 0 0 0 0 15920 7 0
71.46 21004711888 13894248 15927 15920 0 0 0 0 0 15920 7 0
71.54 21004711888 13894248 15932 15925 0 0 0 0 0 15925 7 0
71.61 21004711888 13894248 15947 15940 0 0 0 0 0 15940 7 0
71.69 21004711888 13894248 15947 15940 0 0 0 0 0 15940 7 0
71.76 21004711888 13894248 15963 15956 0 0 0 0 0 15956 7 0
71.84 21004711888 13894248 15967 15960 0 0 0 0 0 15960 7 0
71.91 21004711888 13894248 15967 15960 0 0 0 0 0 15960 7 0
71.98 21004711888 13894248 15967 15960 0 0 0 0 0 15960 7 0
72.06 21004711888 13894248 15967 15960 0 0 0 0 0 15960 7 0
72.13 21004711888 13894248 15967 15960 0 0 0 0 0 15960 7 0
72.21 21004711888 13894248 15987 15980 0 0 0 0 0 15980 7 0
72.28 21004711888 13894248 15987 15980 0 0 0 0 0 15980 7 0
72.35 21004711888 13894248 15987 15980 0 0 0 0 0 15980 7 0
72.43 21004711888 13894248 15987 15980 0 0 0 0 0 15980 7 0
72.50 21004711888 13894248 15987 15980 0 0 0 0 0 15980 7 0
72.58 21004711888 13894248 15987 15980 0 0 0 0 0 15980 7 0
72.65 21004711888 13894248 15987 15980 0 0 0 0 0 15980 7 0
72.73 21004711888 13894248 15987 15980 0 0 0 0 0 15980 7 0
72.80 21004711888 13894248 15987 15980 0 0 0 0 0 15980 7 0
72.87 21004711888 13894248 15987 15980 0 0 0 0 0 15980 7 0
72.95 21004711888 13894248 15987 15980 0 0 0 0 0 15980 7 0
73.02 21004711888 13894248 16007 16000 0 0 0 0 0 16000 7 0
73.10 21004711888 13894248 16007 16000 0 0 0 0 0 16000 7 0
73.17 21004711888 13894248 16007 16000 0 0 0 0 0 16000 7 0
73.25 21004711888 13894248 16007 16000 0 0 0 0 0 16000 7 0
73.32 21004711888 13894248 16007 16000 0 0 0 0 0 16000 7 0
73.39 21004711888 13894248 16007 16000 0 0 0 0 0 16000 7 0
73.47 21004711888 13894248 16007 16000 0 0 0 0 0 16000 7 0
73.54 21004711888 13894248 16007 16000 0 0 0 0 0 16000 7 0
73.62 21004711888 13894248 16007 16000 0 0 0 0 0 16000 7 0
73.69 21004711888 13894248 16007 16000 0 0 0 0 0 16000 7 0
73.76 21004711888 13894248 16007 16000 0 0 0 0 0 16000 7 0
73.84 21004711888 13894248 16007 16000 0 0 0 0 0 16000 7 0
73.91 21004711888 13894248 16007 16000 0 0 0 0 0 16000 7 0
73.99 21004711888 13894248 16007 16000 0 0 0 0 0 16000 7 0
74.06 21004711888 13894248 16007 16000 0 0 0 0 0 16000 7 0
74.14 21004711888 13894248 16007 16000 0 0 0 0 0 16000 7 0
74.21 21004711888 13894248 16007 16000 0 0 0 0 0 16000 7 0
74.28 21004711888 13894248 16007 16000 0 0 0 0 0 16000 7 0
74.36 21004711888 13894248 16007 16000 0 0 0 0 0 16000 7 0
74.43 21004711888 13894248 16007 16000 0 0 0 0 0 16000 7 0
74.51 21004711888 13894248 16007 16000 0 0 0 0 0 16000 7 0
74.58 21004711888 13894248 16007 16000 0 0 0 0 0 16000 7 0
74.66 21004711888 13894248 16007 16000 0 0 0 0 0 16000 7 0
74.73 21004711888 13894248 16027 16020 0 0 0 0 0 16020 7 0
74.80 21004711888 13894248 16027 16020 0 0 0 0 0 16020 7 0
74.88 21004711888 13894248 16027 16020 0 0 0 0 0 16020 7 0
74.95 21004711888 13894248 16027 16020 0 0 0 0 0 16020 7 0
75.03 21004711888 13894248 16027 16020 0 0 0 0 0 16020 7 0
75.10 21004711888 13894248 16027 16020 0 0 0 0 0 16020 7 0
75.17 21004711888 13894248 16027 16020 0 0 0 0 0 16020 7 0
75.25 21004711888 13894248 16027 16020 0 0 0 0 0 16020 7 0
75.32 21004711888 13894248 16027 16020 0 0 0 0 0 16020 7 0
75.40 21004711888 13894248 16027 16020 0 0 0 0 0 16020 7 0
75.47 21004711888 13894248 16027 16020 0 0 0 0 0 16020 7 0
75.55 21004711888 13894248 16027 16020 0 0 0 0 0 16020 7 0
75.62 21004711888 13894248 16027 16020 0 0 0 0 0 16020 7 0
75.69 21004711888 13894248 16027 16020 0 0 0 0 0 16020 7 0
75.77 21004711888 13894248 16027 16020 0 0 0 0 0 16020 7 0
75.84 21004711888 13894248 16027 16020 0 0 0 0 0 16020 7 0
75.92 21004711888 13894248 16027 16020 0 0 0 0 0 16020 7 0
75.99 21004711888 13894248 16027 16020 0 0 0 0 0 16020 7 0
76.07 21004711888 13894248 16027 16020 0 0 0 0 0 16020 7 0
76.14 21004711888 13894248 16027 16020 0 0 0 0 0 16020 7 0
76.21 21004711888 13894248 16027 16020 0 0 0 0 0 16020 7 0
76.29 21004711888 13894248 16027 16020 0 0 0 0 0 16020 7 0
76.36 21004711888 13894248 16027 16020 0 0 0 0 0 16020 7 0
76.44 21004711888 13894248 16027 16020 0 0 0 0 0 16020 7 0
76.51 21004711888 13894248 16027 16020 0 0 0 0 0 16020 7 0
76.58 21004711888 13894248 16027 16020 0 0 0 0 0 16020 7 0
76.66 21004711888 13894248 16027 16020 0 0 0 0 0 16020 7 0
76.73 21004711888 13894248 16027 16020 0 0 0 0 0 16020 7 0
76.81 21004711888 13894248 16027 16020 0 0 0 0 0 16020 7 0
76.88 21004711888 13894248 16027 16020 0 0 0 0 0 16020 7 0
76.96 21004711888 13894248 16027 16020 0 0 0 0 0 16020 7 0
77.03 21004711888 13894248 16027 16020 0 0 0 0 0 16020 7 0
77.10 21004711888 13894248 16027 16020 0 0 0 0 0 16020 7 0
77.18 21004711888 13894248 16027 16020 0 0 0 0 0 16020 7 0
77.25 21004711888 13894248 16027 16020 0 0 0 0 0 16020 7 0
77.33 21004711888 13894248 16027 16020 0 0 0 0 0 16020 7 0
77.40 21004711888 13894248 16027 16020 0 0 0 0 0 16020 7 0
77.48 21004711888 13894248 16027 16020 0 0 0 0 0 16020 7 0
77.55 21004711888 13894248 16027 16020 0 0 0 0 0 16020 7 0
77.62 21004711888 13894248 16027 16020 0 0 0 0 0 16020 7 0
77.70 21004711888 13894248 16027 16020 0 0 0 0 0 16020 7 0
77.77 21004711888 13894248 16027 16020 0 0 0 0 0 16020 7 0
77.85 21004711888 13894248 16027 16020 0 0 0 0 0 16020 7 0
77.92 21004711888 13894248 16027 16020 0 0 0 0 0 16020 7 0
77.99 21004711888 13894248 16027 16020 0 0 0 0 0 16020 7 0
78.07 21004711888 13894248 16047 16040 0 0 0 0 0 16040 7 0
78.14 21004711888 13894248 16047 16040 0 0 0 0 0 16040 7 0
78.22 21004711888 13894248 16047 16040 0 0 0 0 0 16040 7 0
78.29 21004711888 13894248 16047 16040 0 0 0 0 0 16040 7 0
78.37 21004711888 13894248 16047 16040 0 0 0 0 0 16040 7 0
78.44 21004711888 13894248 16047 16040 0 0 0 0 0 16040 7 0
78.51 21004711888 13894248 16047 16040 0 0 0 0 0 16040 7 0
78.59 21004711888 13894248 16047 16040 0 0 0 0 0 16040 7 0
78.66 21004711888 13894248 16047 16040 0 0 0 0 0 16040 7 0
78.74 21004711888 13894248 16047 16040 0 0 0 0 0 16040 7 0
78.81 21004711888 13894248 16047 16040 0 0 0 0 0 16040 7 0
78.89 21004711888 13894248 16047 16040 0 0 0 0 0 16040 7 0
78.96 21004711888 13894248 16047 16040 0 0 0 0 0 16040 7 0
79.03 21004711888 13894248 16047 16040 0 0 0 0 0 16040 7 0
79.11 21004711888 13894248 16047 16040 0 0 0 0 0 16040 7 0
79.18 21004711888 13894248 16058 16051 0 0 0 0 0 16051 7 0
79.26 21004711888 13894248 16058 16051 0 0 0 0 0 16051 7 0
79.33 21004711888 13894248 16060 16053 0 0 0 0 0 16053 7 0
79.40 21004711888 13894248 16066 16059 0 0 0 0 0 16059 7 0
79.48 21004711888 13894248 16066 16059 0 0 0 0 0 16059 7 0
79.55 21004711888 13894248 16066 16059 0 0 0 0 0 16059 7 0
79.63 21004711888 13894248 16066 16059 0 0 0 0 0 16059 7 0
79.70 21004711888 13894248 16066 16059 0 0 0 0 0 16059 7 0
79.78 21004711888 13894248 16066 16059 0 0 0 0 0 16059 7 0
79.85 21004711888 13894248 16066 16059 0 0 0 0 0 16059 7 0
79.92 21004711888 13894248 16066 16059 0 0 0 0 0 16059 7 0
80.00 21004711888 13894248 16066 16059 0 0 0 0 0 16059 7 0
80.07 21004711888 13894248 16066 16059 0 0 0 0 0 16059 7 0
80.15 21004711888 13894248 16066 16059 0 0 0 0 0 16059 7 0
80.22 21004711888 13894248 16066 16059 0 0 0 0 0 16059 7 0
80.30 21004711888 13894248 16066 16059 0 0 0 0 0 16059 7 0
80.37 21004711888 13894248 16066 16059 0 0 0 0 0 16059 7 0
80.44 21004711888 13894248 16066 16059 0 0 0 0 0 16059 7 0
80.52 21004711888 13894248 16066 16059 0 0 0 0 0 16059 7 0
80.59 21004711888 13894248 16066 16059 0 0 0 0 0 16059 7 0
80.67 21004711888 13894248 16067 16060 0 0 0 0 0 16060 7 0
80.74 21004711888 13894248 16067 16060 0 0 0 0 0 16060 7 0
80.81 21004711888 13894248 16067 16060 0 0 0 0 0 16060 7 0
80.89 21004711888 13894248 16067 16060 0 0 0 0 0 16060 7 0
80.96 21004711888 13894248 16067 16060 0 0 0 0 0 16060 7 0
81.04 21004711888 13894248 16067 16060 0 0 0 0 0 16060 7 0
81.11 21004711888 13894248 16067 16060 0 0 0 0 0 16060 7 0
81.19 21004711888 13894248 16067 16060 0 0 0 0 0 16060 7 0
81.26 21004711888 13894248 16067 16060 0 0 0 0 0 16060 7 0
81.33 21004711888 13894248 16067 16060 0 0 0 0 0 16060 7 0
81.41 21004711888 13894248 16067 16060 0 0 0 0 0 16060 7 0
81.48 21004711888 13894248 16067 16060 0 0 0 0 0 16060 7 0
81.56 21004711888 13894248 16067 16060 0 0 0 0 0 16060 7 0
81.63 21004711888 13894248 16067 16060 0 0 0 0 0 16060 7 0
81.71 21004711888 13894248 16067 16060 0 0 0 0 0 16060 7 0
81.78 21004711888 13894248 16067 16060 0 0 0 0 0 16060 7 0
81.85 21004711888 13894248 16067 16060 0 0 0 0 0 16060 7 0
81.93 21004711888 13894248 16067 16060 0 0 0 0 0 16060 7 0
82.00 21004711888 13894248 16067 16060 0 0 0 0 0 16060 7 0
82.08 21004711888 13894248 16067 16060 0 0 0 0 0 16060 7 0
82.15 21004711888 13894248 16068 16061 0 0 0 0 0 16061 7 0
82.22 21004711888 13894248 16068 16061 0 0 0 0 0 16061 7 0
82.30 21004711888 13894248 16068 16061 0 0 0 0 0 16061 7 0
82.37 21004711888 13894248 16068 16061 0 0 0 0 0 16061 7 0
82.45 21004711888 13894248 16068 16061 0 0 0 0 0 16061 7 0
82.52 21004711888 13894248 16068 16061 0 0 0 0 0 16061 7 0
82.60 21004711888 13894248 16068 16061 0 0 0 0 0 16061 7 0
82.67 21004711888 13894248 16068 16061 0 0 0 0 0 16061 7 0
82.74 21004711888 13894248 16068 16061 0 0 0 0 0 16061 7 0
82.82 21004711888 13894248 16068 16061 0 0 0 0 0 16061 7 0
82.89 21004711888 13894248 16068 16061 0 0 0 0 0 16061 7 0
82.97 21004711888 13894248 16068 16061 0 0 0 0 0 16061 7 0
83.04 21004711888 13894248 16068 16061 0 0 0 0 0 16061 7 0
83.12 21004711888 13894248 16068 16061 0 0 0 0 0 16061 7 0
83.19 21004711888 13894248 16068 16061 0 0 0 0 0 16061 7 0
83.26 21004711888 13894248 16068 16061 0 0 0 0 0 16061 7 0
83.34 21004711888 13894248 16068 16061 0 0 0 0 0 16061 7 0
83.41 21004711888 13894248 16068 16061 0 0 0 0 0 16061 7 0
83.49 21004711888 13894248 16068 16061 0 0 0 0 0 16061 7 0
83.56 21004711888 13894248 16068 16061 0 0 0 0 0 16061 7 0
83.63 21004711888 13894248 16068 16061 0 0 0 0 0 16061 7 0
83.71 21004711888 13894248 16068 16061 0 0 0 0 0 16061 7 0
83.78 21004711888 13894248 16068 16061 0 0 0 0 0 16061 7 0
83.86 21004711888 13894248 16068 16061 0 0 0 0 0 16061 7 0
83.93 21004711888 13894248 16068 16061 0 0 0 0 0 16061 7 0
84.01 21004711888 13894248 16068 16061 0 0 0 0 0 16061 7 0
84.08 21004711888 13894248 16068 16061 0 0 0 0 0 16061 7 0
84.15 21004711888 13894248 16068 16061 0 0 0 0 0 16061 7 0
84.23 21004711888 13894248 16068 16061 0 0 0 0 0 16061 7 0
84.30 21004711888 13894248 16068 16061 0 0 0 0 0 16061 7 0
84.38 21004711888 13894248 16068 16061 0 0 0 0 0 16061 7 0
84.45 21004711888 13894248 16068 16061 0 0 0 0 0 16061 7 0
84.53 21004711888 13894248 16088 16081 0 0 0 0 0 16081 7 0
84.60 21004711888 13894248 16088 16081 0 0 0 0 0 16081 7 0
84.67 21004711888 13894248 16088 16081 0 0 0 0 0 16081 7 0
84.75 21004711888 13894248 16088 16081 0 0 0 0 0 16081 7 0
84.82 21004711888 13894248 16088 16081 0 0 0 0 0 16081 7 0
84.90 21004711888 13894248 16088 16081 0 0 0 0 0 16081 7 0
84.97 21004711888 13894248 16088 16081 0 0 0 0 0 16081 7 0
85.04 21004711888 13894248 16088 16081 0 0 0 0 0 16081 7 0
85.12 21004711888 13894248 16088 16081 0 0 0 0 0 16081 7 0
85.19 21004711888 13894248 16088 16081 0 0 0 0 0 16081 7 0
85.27 21004711888 13894248 16088 16081 0 0 0 0 0 16081 7 0
85.34 21004711888 13894248 16088 16081 0 0 0 0 0 16081 7 0
85.42 21004711888 13894248 16088 16081 0 0 0 0 0 16081 7 0
85.49 21004711888 13894248 16088 16081 0 0 0 0 0 16081 7 0
85.56 21004711888 13894248 16088 16081 0 0 0 0 0 16081 7 0
85.64 21004711888 13894248 16088 16081 0 0 0 0 0 16081 7 0
85.71 21004711888 13894248 16088 16081 0 0 0 0 0 16081 7 0
85.79 21004711888 13894248 16089 16082 0 0 0 0 0 16082 7 0
85.86 21004711888 13894248 16089 16082 0 0 0 0 0 16082 7 0
85.94 21004711888 13894248 16089 16082 0 0 0 0 0 16082 7 0
86.01 21004711888 13894248 16089 16082 0 0 0 0 0 16082 7 0
86.08 21004711888 13894248 16089 16082 0 0 0 0 0 16082 7 0
86.16 21004711888 13894248 16089 16082 0 0 0 0 0 16082 7 0
86.23 21004711888 13894248 16089 16082 0 0 0 0 0 16082 7 0
86.31 21004711888 13894248 16089 16082 0 0 0 0 0 16082 7 0
86.38 21004711888 13894248 16089 16082 0 0 0 0 0 16082 7 0
86.45 21004711888 13894248 16089 16082 0 0 0 0 0 16082 7 0
86.53 21004711888 13894248 16090 16083 0 0 0 0 0 16083 7 0
86.60 21004711888 13894248 16090 16083 0 0 0 0 0 16083 7 0
86.68 21004711888 13894248 16090 16083 0 0 0 0 0 16083 7 0
86.75 21004711888 13894248 16090 16083 0 0 0 0 0 16083 7 0
86.83 21004711888 13894248 16090 16083 0 0 0 0 0 16083 7 0
86.90 21004711888 13894248 16090 16083 0 0 0 0 0 16083 7 0
86.97 21004711888 13894248 16090 16083 0 0 0 0 0 16083 7 0
87.05 21004711888 13894248 16090 16083 0 0 0 0 0 16083 7 0
87.12 21004711888 13894248 16090 16083 0 0 0 0 0 16083 7 0
87.20 21004711888 13894248 16090 16083 0 0 0 0 0 16083 7 0
87.27 21004711888 13894248 16091 16084 0 0 0 0 0 16084 7 0
87.35 21004711888 13894248 16091 16084 0 0 0 0 0 16084 7 0
87.42 21004711888 13894248 16091 16084 0 0 0 0 0 16084 7 0
87.49 21004711888 13894248 16091 16084 0 0 0 0 0 16084 7 0
87.57 21004711888 13894248 16091 16084 0 0 0 0 0 16084 7 0
87.64 21004711888 13894248 16091 16084 0 0 0 0 0 16084 7 0
87.72 21004711888 13894248 16091 16084 0 0 0 0 0 16084 7 0
87.79 21004711888 13894248 16091 16084 0 0 0 0 0 16084 7 0
87.86 21004711888 13894248 16091 16084 0 0 0 0 0 16084 7 0
87.94 21004711888 13894248 16091 16084 0 0 0 0 0 16084 7 0
88.01 21004711888 13894248 16091 16084 0 0 0 0 0 16084 7 0
88.09 21004711888 13894248 16091 16084 0 0 0 0 0 16084 7 0
88.16 21004711888 13894248 16091 16084 0 0 0 0 0 16084 7 0
88.24 21004711888 13894248 16091 16084 0 0 0 0 0 16084 7 0
88.31 21004711888 13894248 16091 16084 0 0 0 0 0 16084 7 0
88.38 21004711888 13894248 16091 16084 0 0 0 0 0 16084 7 0
88.46 21004711888 13894248 16091 16084 0 0 0 0 0 16084 7 0
88.53 21004711888 13894248 16091 16084 0 0 0 0 0 16084 7 0
88.61 21004711888 13894248 16091 16084 0 0 0 0 0 16084 7 0
88.68 21004711888 13894248 16091 16084 0 0 0 0 0 16084 7 0
88.76 21004711888 13894248 16091 16084 0 0 0 0 0 16084 7 0
88.83 21004711888 13894248 16091 16084 0 0 0 0 0 16084 7 0
88.90 21004711888 13894248 16091 16084 0 0 0 0 0 16084 7 0
88.98 21004711888 13894248 16091 16084 0 0 0 0 0 16084 7 0
89.05 21004711888 13894248 16091 16084 0 0 0 0 0 16084 7 0
89.13 21004711888 13894248 16091 16084 0 0 0 0 0 16084 7 0
89.20 21004711888 13894248 16091 16084 0 0 0 0 0 16084 7 0
89.27 21004711888 13894248 16091 16084 0 0 0 0 0 16084 7 0
89.35 21004711888 13894248 16091 16084 0 0 0 0 0 16084 7 0
89.42 21004711888 13894248 16091 16084 0 0 0 0 0 16084 7 0
89.50 21004711888 13894248 16091 16084 0 0 0 0 0 16084 7 0
89.57 21004711888 13894248 16091 16084 0 0 0 0 0 16084 7 0
89.65 21004711888 13894248 16091 16084 0 0 0 0 0 16084 7 0
89.72 21004711888 13894248 16091 16084 0 0 0 0 0 16084 7 0
89.79 21004711888 13894248 16091 16084 0 0 0 0 0 16084 7 0
89.87 21004711888 13894248 16091 16084 0 0 0 0 0 16084 7 0
89.94 21004711888 13894248 16091 16084 0 0 0 0 0 16084 7 0
90.02 21004711888 13894248 16091 16084 0 0 0 0 0 16084 7 0
90.09 21004711888 13894248 16091 16084 0 0 0 0 0 16084 7 0
90.17 21004711888 13894248 16091 16084 0 0 0 0 0 16084 7 0
90.24 21004711888 13894248 16091 16084 0 0 0 0 0 16084 7 0
90.31 21004711888 13894248 16091 16084 0 0 0 0 0 16084 7 0
90.39 21004711888 13894248 16091 16084 0 0 0 0 0 16084 7 0
90.46 21004711888 13894248 16091 16084 0 0 0 0 0 16084 7 0
90.54 21004711888 13894248 16091 16084 0 0 0 0 0 16084 7 0
90.61 21004711888 13894248 16091 16084 0 0 0 0 0 16084 7 0
90.68 21004711888 13894248 16091 16084 0 0 0 0 0 16084 7 0
90.76 21004711888 13894248 16091 16084 0 0 0 0 0 16084 7 0
90.83 21004711888 13894248 16091 16084 0 0 0 0 0 16084 7 0
90.91 21004711888 13894248 16091 16084 0 0 0 0 0 16084 7 0
90.98 21004711888 13894248 16091 16084 0 0 0 0 0 16084 7 0
91.06 21004711888 13894248 16091 16084 0 0 0 0 0 16084 7 0
91.13 21004711888 13894248 16091 16084 0 0 0 0 0 16084 7 0
91.20 21004711888 13894248 16091 16084 0 0 0 0 0 16084 7 0
91.28 21004711888 13894248 16091 16084 0 0 0 0 0 16084 7 0
91.35 21004711888 13894248 16091 16084 0 0 0 0 0 16084 7 0
91.43 21004711888 13894248 16091 16084 0 0 0 0 0 16084 7 0
91.50 21004711888 13894248 16091 16084 0 0 0 0 0 16084 7 0
91.58 21004711888 13894248 16091 16084 0 0 0 0 0 16084 7 0
91.65 21004711888 13894248 16091 16084 0 0 0 0 0 16084 7 0
91.72 21004711888 13894248 16091 16084 0 0 0 0 0 16084 7 0
91.80 21004711888 13894248 16091 16084 0 0 0 0 0 16084 7 0
91.87 21004711888 13894248 16091 16084 0 0 0 0 0 16084 7 0
91.95 21004711888 13894248 16091 16084 0 0 0 0 0 16084 7 0
92.02 21004711888 13894248 16091 16084 0 0 0 0 0 16084 7 0
92.09 21004711888 13894248 16091 16084 0 0 0 0 0 16084 7 0
92.17 21004711888 13894248 16091 16084 0 0 0 0 0 16084 7 0
92.24 21004711888 13894248 16091 16084 0 0 0 0 0 16084 7 0
92.32 21004711888 13894248 16091 16084 0 0 0 0 0 16084 7 0
92.39 21004711888 13894248 16091 16084 0 0 0 0 0 16084 7 0
92.47 21004711888 13894248 16091 16084 0 0 0 0 0 16084 7 0
92.54 21004711888 13894248 16091 16084 0 0 0 0 0 16084 7 0
92.61 21004711888 13894248 16091 16084 0 0 0 0 0 16084 7 0
92.69 21004711888 13894248 16091 16084 0 0 0 0 0 16084 7 0
92.76 21004711888 13894248 16091 16084 0 0 0 0 0 16084 7 0
92.84 21004711888 13894248 16091 16084 0 0 0 0 0 16084 7 0
92.91 21004711888 13894248 16091 16084 0 0 0 0 0 16084 7 0
92.99 21004711888 13894248 16091 16084 0 0 0 0 0 16084 7 0
93.06 21004711888 13894248 16091 16084 0 0 0 0 0 16084 7 0
93.13 21004711888 13894248 16091 16084 0 0 0 0 0 16084 7 0
93.21 21004711888 13894248 16091 16084 0 0 0 0 0 16084 7 0
93.28 21004711888 13894248 16091 16084 0 0 0 0 0 16084 7 0
93.36 21004711888 13894248 16091 16084 0 0 0 0 0 16084 7 0
93.43 21004711888 13894248 16091 16084 0 0 0 0 0 16084 7 0
93.50 21004711888 13894248 16091 16084 0 0 0 0 0 16084 7 0
93.58 21004711888 13894248 16091 16084 0 0 0 0 0 16084 7 0
93.65 21004711888 13894248 16091 16084 0 0 0 0 0 16084 7 0
93.73 21004711888 13894248 16091 16084 0 0 0 0 0 16084 7 0
93.80 21004711888 13894248 16091 16084 0 0 0 0 0 16084 7 0
93.88 21004711888 13894248 16091 16084 0 0 0 0 0 16084 7 0
93.95 21004711888 13894248 16091 16084 0 0 0 0 0 16084 7 0
94.02 21004711888 13894248 16091 16084 0 0 0 0 0 16084 7 0
94.10 21004711888 13894248 16091 16084 0 0 0 0 0 16084 7 0
94.17 21004711888 13894248 16091 16084 0 0 0 0 0 16084 7 0
94.25 21004711888 13894248 16091 16084 0 0 0 0 0 16084 7 0
94.32 21004711888 13894248 16091 16084 0 0 0 0 0 16084 7 0
94.40 21004711888 13894248 16091 16084 0 0 0 0 0 16084 7 0
94.47 21004711888 13894248 16091 16084 0 0 0 0 0 16084 7 0
94.54 21004711888 13894248 16091 16084 0 0 0 0 0 16084 7 0
94.62 21004711888 13894248 16091 16084 0 0 0 0 0 16084 7 0
94.69 21004711888 13894248 16091 16084 0 0 0 0 0 16084 7 0
94.77 21004711888 13894248 16091 16084 0 0 0 0 0 16084 7 0
94.84 21004711888 13894248 16091 16084 0 0 0 0 0 16084 7 0
94.91 21004711888 13894248 16091 16084 0 0 0 0 0 16084 7 0
94.99 21004711888 13894248 16091 16084 0 0 0 0 0 16084 7 0
95.06 21004711888 13894248 16091 16084 0 0 0 0 0 16084 7 0
95.14 21004711888 13894248 16091 16084 0 0 0 0 0 16084 7 0
95.21 21004711888 13894248 16091 16084 0 0 0 0 0 16084 7 0
95.29 21004711888 13894248 16091 16084 0 0 0 0 0 16084 7 0
95.36 21004711888 13894248 16091 16084 0 0 0 0 0 16084 7 0
95.43 21004711888 13894248 16091 16084 0 0 0 0 0 16084 7 0
95.51 21004711888 13894248 16091 16084 0 0 0 0 0 16084 7 0
95.58 21004711888 13894248 16091 16084 0 0 0 0 0 16084 7 0
95.66 21004711888 13894248 16091 16084 0 0 0 0 0 16084 7 0
95.73 21004711888 13894248 16091 16084 0 0 0 0 0 16084 7 0
95.81 21004711888 13894248 16091 16084 0 0 0 0 0 16084 7 0
95.88 21004711888 13894248 16091 16084 0 0 0 0 0 16084 7 0
95.95 21004711888 13894248 16091 16084 0 0 0 0 0 16084 7 0
96.03 21004711888 13894248 16091 16084 0 0 0 0 0 16084 7 0
96.10 21004711888 13894248 16091 16084 0 0 0 0 0 16084 7 0
96.18 21004711888 13894248 16091 16084 0 0 0 0 0 16084 7 0
96.25 21004711888 13894248 16091 16084 0 0 0 0 0 16084 7 0
96.32 21004711888 13894248 16091 16084 0 0 0 0 0 16084 7 0
96.40 21004711888 13894248 16091 16084 0 0 0 0 0 16084 7 0
96.47 21004711888 13894248 16091 16084 0 0 0 0 0 16084 7 0
96.55 21004711888 13894248 16091 16084 0 0 0 0 0 16084 7 0
96.62 21004711888 13894248 16091 16084 0 0 0 0 0 16084 7 0
96.70 21004711888 13894248 16091 16084 0 0 0 0 0 16084 7 0
96.77 21004711888 13894248 16091 16084 0 0 0 0 0 16084 7 0
96.84 21004711888 13894248 16091 16084 0 0 0 0 0 16084 7 0
96.92 21004711888 13894248 16091 16084 0 0 0 0 0 16084 7 0
96.99 21004711888 13894248 16091 16084 0 0 0 0 0 16084 7 0
97.07 21004711888 13894248 16091 16084 0 0 0 0 0 16084 7 0
97.14 21004711888 13894248 16091 16084 0 0 0 0 0 16084 7 0
97.22 21004711888 13894248 16091 16084 0 0 0 0 0 16084 7 0
97.29 21004711888 13894248 16091 16084 0 0 0 0 0 16084 7 0
97.36 21004711888 13894248 16091 16084 0 0 0 0 0 16084 7 0
97.44 21004711888 13894248 16091 16084 0 0 0 0 0 16084 7 0
97.51 21004711888 13894248 16091 16084 0 0 0 0 0 16084 7 0
97.59 21004711888 13894248 16091 16084 0 0 0 0 0 16084 7 0
97.66 21004711888 13894248 16091 16084 0 0 0 0 0 16084 7 0
97.73 21004711888 13894248 16091 16084 0 0 0 0 0 16084 7 0
97.81 21004711888 13894248 16091 16084 0 0 0 0 0 16084 7 0
97.88 21004711888 13894248 16091 16084 0 0 0 0 0 16084 7 0
97.96 21004711888 13894248 16091 16084 0 0 0 0 0 16084 7 0
98.03 21004711888 13894248 16091 16084 0 0 0 0 0 16084 7 0
98.11 21004711888 13894248 16091 16084 0 0 0 0 0 16084 7 0
98.18 21004711888 13894248 16091 16084 0 0 0 0 0 16084 7 0
98.25 21004711888 13894248 16091 16084 0 0 0 0 0 16084 7 0
98.33 21004711888 13894248 16091 16084 0 0 0 0 0 16084 7 0
98.40 21004711888 13894248 16092 16085 0 0 0 0 0 16085 7 0
98.48 21004711888 13894248 16092 16085 0 0 0 0 0 16085 7 0
98.55 21004711888 13894248 16092 16085 0 0 0 0 0 16085 7 0
98.63 21004711888 13894248 16092 16085 0 0 0 0 0 16085 7 0
98.70 21004711888 13894248 16092 16085 0 0 0 0 0 16085 7 0
98.77 21004711888 13894248 16092 16085 0 0 0 0 0 16085 7 0
98.85 21004711888 13894248 16092 16085 0 0 0 0 0 16085 7 0
98.92 21004711888 13894248 16092 16085 0 0 0 0 0 16085 7 0
99.00 21004711888 13894248 16092 16085 0 0 0 0 0 16085 7 0
99.07 21004711888 13894248 16093 16086 0 0 0 0 0 16086 7 0
99.14 21004711888 13894248 16093 16086 0 0 0 0 0 16086 7 0
99.22 21004711888 13894248 16093 16086 0 0 0 0 0 16086 7 0
99.29 21004711888 13894248 16093 16086 0 0 0 0 0 16086 7 0
99.37 21004711888 13894248 16093 16086 0 0 0 0 0 16086 7 0
99.44 21004711888 13894248 16093 16086 0 0 0 0 0 16086 7 0
99.52 21004711888 13894248 16093 16086 0 0 0 0 0 16086 7 0
99.59 21004711888 13894248 16093 16086 0 0 0 0 0 16086 7 0
99.66 21004711888 13894248 16093 16086 0 0 0 0 0 16086 7 0
99.74 21004711888 13894248 16093 16086 0 0 0 0 0 16086 7 0
99.81 21004711888 13894248 16094 16087 0 0 0 0 0 16087 7 0
99.89 21004711888 13894248 16094 16087 0 0 0 0 0 16087 7 0
99.96 21004711888 13894248 16094 16087 0 0 0 0 0 16087 7 0
100.04 21004711888 13894248 16094 16087 0 0 0 0 0 16087 7 0
100.11 21004711888 13894248 16094 16087 0 0 0 0 0 16087 7 0
100.18 21004711888 13894248 16094 16087 0 0 0 0 0 16087 7 0
100.26 21004711888 13894248 16094 16087 0 0 0 0 0 16087 7 0
100.33 21004711888 13894248 16094 16087 0 0 0 0 0 16087 7 0
100.41 21004711888 13894248 16094 16087 0 0 0 0 0 16087 7 0
100.48 21004711888 13894248 16094 16087 0 0 0 0 0 16087 7 0
100.55 21004711888 13894248 16095 16088 0 0 0 0 0 16088 7 0
100.63 21004711888 13894248 16095 16088 0 0 0 0 0 16088 7 0
100.70 21004711888 13894248 16095 16088 0 0 0 0 0 16088 7 0
100.78 21004711888 13894248 16095 16088 0 0 0 0 0 16088 7 0
100.85 21004711888 13894248 16095 16088 0 0 0 0 0 16088 7 0
100.93 21004711888 13894248 16095 16088 0 0 0 0 0 16088 7 0
101.00 21004711888 13894248 16095 16088 0 0 0 0 0 16088 7 0
